0 0
1 1
2 2
3 3
4 4
5 5
6 6
7 7
8 8
9 9
10 10
11 11
12 12
13 13
14 14
15 15
16 16
17 17
18 18
19 19
20 20
21 21
22 22
23 23
24 24
25 25
26 26
27 27
28 28
29 29
30 30
31 31
32 32
33 33
34 34
35 35
36 36
37 37
38 38
39 39
40 40
41 41
42 42
43 43
44 44
45 45
46 46
47 47
48 48
49 49
50 50
51 51
52 52
53 53
54 54
55 55
56 56
57 57
58 58
59 59
60 60
61 61
62 62
63 63
64 64
65 65
66 66
67 67
68 68
69 69
70 70
71 71
72 72
73 73
74 74
75 75
76 76
77 77
78 78
79 79
80 80
81 81
82 82
83 83
84 84
85 85
86 86
87 87
88 88
89 89
90 90
91 91
92 92
93 93
94 94
95 95
96 96
97 97
98 98
99 99
100 100
101 101
102 102
103 103
104 104
105 105
106 106
107 107
108 108
109 109
110 110
111 111
112 112
113 113
114 114
115 115
116 116
117 117
118 118
119 119
120 120
121 121
122 122
123 123
124 124
125 125
126 126
127 127
128 128
129 129
130 130
131 131
132 132
133 133
134 134
135 135
136 136
137 137
138 138
139 139
140 140
141 141
142 142
143 143
144 144
145 145
146 146
147 147
148 148
149 149
150 150
151 151
152 152
153 153
154 154
155 155
156 156
157 157
158 158
159 159
160 160
161 161
162 162
163 163
164 164
165 165
166 166
167 167
168 168
169 169
170 170
171 171
172 172
173 173
174 174
175 175
176 176
177 177
178 178
179 179
180 180
181 181
182 182
183 183
184 184
185 185
186 186
187 187
188 188
189 189
190 190
191 191
192 192
193 193
194 194
195 195
196 196
197 197
198 198
199 199
200 200
201 201
202 202
203 203
204 204
205 205
206 206
207 207
208 208
209 209
210 210
211 211
212 212
213 213
214 214
215 215
216 216
217 217
218 218
219 219
220 220
221 221
222 222
223 223
224 224
225 225
226 226
227 227
228 228
229 229
230 230
231 231
232 232
233 233
234 234
235 235
236 236
237 237
238 238
239 239
240 240
241 241
242 242
243 243
244 244
245 245
246 246
247 247
248 248
249 249
250 250
251 251
252 252
253 253
254 254
255 255
256 256
257 257
258 258
259 259
260 260
261 261
262 262
263 263
264 264
265 265
266 266
267 267
268 268
269 269
270 270
271 271
272 272
273 273
274 274
275 275
276 276
277 277
278 278
279 279
280 280
281 281
282 282
283 283
284 284
285 285
286 286
287 287
288 288
289 289
290 290
291 291
292 292
293 293
294 294
295 295
296 296
297 297
298 298
299 299
300 300
301 301
302 302
303 303
304 304
305 305
306 306
307 307
308 308
309 309
310 310
311 311
312 312
313 313
314 314
315 315
316 316
317 317
318 318
319 319
320 320
321 321
322 322
323 323
324 324
325 325
326 326
327 327
328 328
329 329
330 330
331 331
332 332
333 333
334 334
335 335
336 336
337 337
338 338
339 339
340 340
341 341
342 342
343 343
344 344
345 345
346 346
347 347
348 348
349 349
350 350
351 351
352 352
353 353
354 354
355 355
356 356
357 357
358 358
359 359
360 360
361 361
362 362
363 363
364 364
365 365
366 366
367 367
368 368
369 369
370 370
371 371
372 372
373 373
374 374
375 375
376 376
377 377
378 378
379 379
380 380
381 381
382 382
383 383
384 384
385 385
386 386
387 387
388 388
389 389
390 390
391 391
392 392
393 393
394 394
395 395
396 396
397 397
398 398
399 399
400 400
401 401
402 402
403 403
404 404
405 405
406 406
407 407
408 408
409 409
410 410
411 411
412 412
413 413
414 414
415 415
416 416
417 417
418 418
419 419
420 420
421 421
422 422
423 423
424 424
425 425
426 426
427 427
428 428
429 429
430 430
431 431
432 432
433 433
434 434
435 435
436 436
437 437
438 438
439 439
440 440
441 441
442 442
443 443
444 444
445 445
446 446
447 447
448 448
449 449
450 450
451 451
452 452
453 453
454 454
455 455
456 456
457 457
458 458
459 459
460 460
461 461
462 462
463 463
464 464
465 465
466 466
467 467
468 468
469 469
470 470
471 471
472 472
473 473
474 474
475 475
476 476
477 477
478 478
479 479
480 480
481 481
482 482
483 483
484 484
485 485
486 486
487 487
488 488
489 489
490 490
491 491
492 492
493 493
494 494
495 495
496 496
497 497
498 498
499 499
500 500
501 501
502 502
503 503
504 504
505 505
506 506
507 507
508 508
509 509
510 510
511 511
512 512
513 513
514 514
515 515
516 516
517 517
518 518
519 519
520 520
521 521
522 522
523 523
524 524
525 525
526 526
527 527
528 528
529 529
530 530
531 531
532 532
533 533
534 534
535 535
536 536
537 537
538 538
539 539
540 540
541 541
542 542
543 543
544 544
545 545
546 546
547 547
548 548
549 549
550 550
551 551
552 552
553 553
554 554
555 555
556 556
557 557
558 558
559 559
560 560
561 561
562 562
563 563
564 564
565 565
566 566
567 567
568 568
569 569
570 570
571 571
572 572
573 573
574 574
575 575
576 576
577 577
578 578
579 579
580 580
581 581
582 582
583 583
584 584
585 585
586 586
587 587
588 588
589 589
590 590
591 591
592 592
593 593
594 594
595 595
596 596
597 597
598 598
599 599
600 600
601 601
602 602
603 603
604 604
605 605
606 606
607 607
608 608
609 609
610 610
611 611
612 612
613 613
614 614
615 615
616 616
617 617
618 618
619 619
620 620
621 621
622 622
623 623
624 624
625 625
626 626
627 627
628 628
629 629
630 630
631 631
632 632
633 633
634 634
635 635
636 636
637 637
638 638
639 639
640 640
641 641
642 642
643 643
644 644
645 645
646 646
647 647
648 648
649 649
650 650
651 651
652 652
653 653
654 654
655 655
656 656
657 657
658 658
659 659
660 660
661 661
662 662
663 663
664 664
665 665
666 666
667 667
668 668
669 669
670 670
671 671
672 672
673 673
674 674
675 675
676 676
677 677
678 678
679 679
680 680
681 681
682 682
683 683
684 684
685 685
686 686
687 687
688 688
689 689
690 690
691 691
692 692
693 693
694 694
695 695
696 696
697 697
698 698
699 699
700 700
701 701
702 702
703 703
704 704
705 705
706 706
707 707
708 708
709 709
710 710
711 711
712 712
713 713
714 714
715 715
716 716
717 717
718 718
719 719
720 720
721 721
722 722
723 723
724 724
725 725
726 726
727 727
728 728
729 729
730 730
731 731
732 732
733 733
734 734
735 735
736 736
737 737
738 738
739 739
740 740
741 741
742 742
743 743
744 744
745 745
746 746
747 747
748 748
749 749
750 750
751 751
752 752
753 753
754 754
755 755
756 756
757 757
758 758
759 759
760 760
761 761
762 762
763 763
764 764
765 765
766 766
767 767
768 768
769 769
770 770
771 771
772 772
773 773
774 774
775 775
776 776
777 777
778 778
779 779
780 780
781 781
782 782
783 783
784 784
785 785
786 786
787 787
788 788
789 789
790 790
791 791
792 792
793 793
794 794
795 795
796 796
797 797
798 798
799 799
800 800
801 801
802 802
803 803
804 804
805 805
806 806
807 807
808 808
809 809
810 810
811 811
812 812
813 813
814 814
815 815
816 816
817 817
818 818
819 819
820 820
821 821
822 822
823 823
824 824
825 825
826 826
827 827
828 828
829 829
830 830
831 831
832 832
833 833
834 834
835 835
836 836
837 837
838 838
839 839
840 840
841 841
842 842
843 843
844 844
845 845
846 846
847 847
848 848
849 849
850 850
851 851
852 852
853 853
854 854
855 855
856 856
857 857
858 858
859 859
860 860
861 861
862 862
863 863
864 864
865 865
866 866
867 867
868 868
869 869
870 870
871 871
872 872
873 873
874 874
875 875
876 876
877 877
878 878
879 879
880 880
881 881
882 882
883 883
884 884
885 885
886 886
887 887
888 888
889 889
890 890
891 891
892 892
893 893
894 894
895 895
896 896
897 897
898 898
899 899
900 900
901 901
902 902
903 903
904 904
905 905
906 906
907 907
908 908
909 909
910 910
911 911
912 912
913 913
914 914
915 915
916 916
917 917
918 918
919 919
920 920
921 921
922 922
923 923
924 924
925 925
926 926
927 927
928 928
929 929
930 930
931 931
932 932
933 933
934 934
935 935
936 936
937 937
938 938
939 939
940 940
941 941
942 942
943 943
944 944
945 945
946 946
947 947
948 948
949 949
950 950
951 951
952 952
953 953
954 954
955 955
956 956
957 957
958 958
959 959
960 960
961 961
962 962
963 963
964 964
965 965
966 966
967 967
968 968
969 969
970 970
971 971
972 972
973 973
974 974
975 975
976 976
977 977
978 978
979 979
980 980
981 981
982 982
983 983
984 984
985 985
986 986
987 987
988 988
989 989
990 990
991 991
992 992
993 993
994 994
995 995
996 996
997 997
998 998
999 999
1000 1000
1001 1001
1002 1002
1003 1003
1004 1004
1005 1005
1006 1006
1007 1007
1008 1008
1009 1009
1010 1010
1011 1011
1012 1012
1013 1013
1014 1014
1015 1015
1016 1016
1017 1017
1018 1018
1019 1019
1020 1020
1021 1021
1022 1022
1023 1023
1024 1024
1025 1025
1026 1026
1027 1027
1028 1028
1029 1029
1030 1030
1031 1031
1032 1032
1033 1033
1034 1034
1035 1035
1036 1036
1037 1037
1038 1038
1039 1039
1040 1040
1041 1041
1042 1042
1043 1043
1044 1044
1045 1045
1046 1046
1047 1047
1048 1048
1049 1049
1050 1050
1051 1051
1052 1052
1053 1053
1054 1054
1055 1055
1056 1056
1057 1057
1058 1058
1059 1059
1060 1060
1061 1061
1062 1062
1063 1063
1064 1064
1065 1065
1066 1066
1067 1067
1068 1068
1069 1069
1070 1070
1071 1071
1072 1072
1073 1073
1074 1074
1075 1075
1076 1076
1077 1077
1078 1078
1079 1079
1080 1080
1081 1081
1082 1082
1083 1083
1084 1084
1085 1085
1086 1086
1087 1087
1088 1088
1089 1089
1090 1090
1091 1091
1092 1092
1093 1093
1094 1094
1095 1095
1096 1096
1097 1097
1098 1098
1099 1099
1100 1100
1101 1101
1102 1102
1103 1103
1104 1104
1105 1105
1106 1106
1107 1107
1108 1108
1109 1109
1110 1110
1111 1111
1112 1112
1113 1113
1114 1114
1115 1115
1116 1116
1117 1117
1118 1118
1119 1119
1120 1120
1121 1121
1122 1122
1123 1123
1124 1124
1125 1125
1126 1126
1127 1127
1128 1128
1129 1129
1130 1130
1131 1131
1132 1132
1133 1133
1134 1134
1135 1135
1136 1136
1137 1137
1138 1138
1139 1139
1140 1140
1141 1141
1142 1142
1143 1143
1144 1144
1145 1145
1146 1146
1147 1147
1148 1148
1149 1149
1150 1150
1151 1151
1152 1152
1153 1153
1154 1154
1155 1155
1156 1156
1157 1157
1158 1158
1159 1159
1160 1160
1161 1161
1162 1162
1163 1163
1164 1164
1165 1165
1166 1166
1167 1167
1168 1168
1169 1169
1170 1170
1171 1171
1172 1172
1173 1173
1174 1174
1175 1175
1176 1176
1177 1177
1178 1178
1179 1179
1180 1180
1181 1181
1182 1182
1183 1183
1184 1184
1185 1185
1186 1186
1187 1187
1188 1188
1189 1189
1190 1190
1191 1191
1192 1192
1193 1193
1194 1194
1195 1195
1196 1196
1197 1197
1198 1198
1199 1199
1200 1200
1201 1201
1202 1202
1203 1203
1204 1204
1205 1205
1206 1206
1207 1207
1208 1208
1209 1209
1210 1210
1211 1211
1212 1212
1213 1213
1214 1214
1215 1215
1216 1216
1217 1217
1218 1218
1219 1219
1220 1220
1221 1221
1222 1222
1223 1223
1224 1224
1225 1225
1226 1226
1227 1227
1228 1228
1229 1229
1230 1230
1231 1231
1232 1232
1233 1233
1234 1234
1235 1235
1236 1236
1237 1237
1238 1238
1239 1239
1240 1240
1241 1241
1242 1242
1243 1243
1244 1244
1245 1245
1246 1246
1247 1247
1248 1248
1249 1249
1250 1250
1251 1251
1252 1252
1253 1253
1254 1254
1255 1255
1256 1256
1257 1257
1258 1258
1259 1259
1260 1260
1261 1261
1262 1262
1263 1263
1264 1264
1265 1265
1266 1266
1267 1267
1268 1268
1269 1269
1270 1270
1271 1271
1272 1272
1273 1273
1274 1274
1275 1275
1276 1276
1277 1277
1278 1278
1279 1279
1280 1280
1281 1281
1282 1282
1283 1283
1284 1284
1285 1285
1286 1286
1287 1287
1288 1288
1289 1289
1290 1290
1291 1291
1292 1292
1293 1293
1294 1294
1295 1295
1296 1296
1297 1297
1298 1298
1299 1299
1300 1300
1301 1301
1302 1302
1303 1303
1304 1304
1305 1305
1306 1306
1307 1307
1308 1308
1309 1309
1310 1310
1311 1311
1312 1312
1313 1313
1314 1314
1315 1315
1316 1316
1317 1317
1318 1318
1319 1319
1320 1320
1321 1321
1322 1322
1323 1323
1324 1324
1325 1325
1326 1326
1327 1327
1328 1328
1329 1329
1330 1330
1331 1331
1332 1332
1333 1333
1334 1334
1335 1335
1336 1336
1337 1337
1338 1338
1339 1339
1340 1340
1341 1341
1342 1342
1343 1343
1344 1344
1345 1345
1346 1346
1347 1347
1348 1348
1349 1349
1350 1350
1351 1351
1352 1352
1353 1353
1354 1354
1355 1355
1356 1356
1357 1357
1358 1358
1359 1359
1360 1360
1361 1361
1362 1362
1363 1363
1364 1364
1365 1365
1366 1366
1367 1367
1368 1368
1369 1369
1370 1370
1371 1371
1372 1372
1373 1373
1374 1374
1375 1375
1376 1376
1377 1377
1378 1378
1379 1379
1380 1380
1381 1381
1382 1382
1383 1383
1384 1384
1385 1385
1386 1386
1387 1387
1388 1388
1389 1389
1390 1390
1391 1391
1392 1392
1393 1393
1394 1394
1395 1395
1396 1396
1397 1397
1398 1398
1399 1399
1400 1400
1401 1401
1402 1402
1403 1403
1404 1404
1405 1405
1406 1406
1407 1407
1408 1408
1409 1409
1410 1410
1411 1411
1412 1412
1413 1413
1414 1414
1415 1415
1416 1416
1417 1417
1418 1418
1419 1419
1420 1420
1421 1421
1422 1422
1423 1423
1424 1424
1425 1425
1426 1426
1427 1427
1428 1428
1429 1429
1430 1430
1431 1431
1432 1432
1433 1433
1434 1434
1435 1435
1436 1436
1437 1437
1438 1438
1439 1439
1440 1440
1441 1441
1442 1442
1443 1443
1444 1444
1445 1445
1446 1446
1447 1447
1448 1448
1449 1449
1450 1450
1451 1451
1452 1452
1453 1453
1454 1454
1455 1455
1456 1456
1457 1457
1458 1458
1459 1459
1460 1460
1461 1461
1462 1462
1463 1463
1464 1464
1465 1465
1466 1466
1467 1467
1468 1468
1469 1469
1470 1470
1471 1471
1472 1472
1473 1473
1474 1474
1475 1475
1476 1476
1477 1477
1478 1478
1479 1479
1480 1480
1481 1481
1482 1482
1483 1483
1484 1484
1485 1485
1486 1486
1487 1487
1488 1488
1489 1489
1490 1490
1491 1491
1492 1492
1493 1493
1494 1494
1495 1495
1496 1496
1497 1497
1498 1498
1499 1499
1500 1500
1501 1501
1502 1502
1503 1503
1504 1504
1505 1505
1506 1506
1507 1507
1508 1508
1509 1509
1510 1510
1511 1511
1512 1512
1513 1513
1514 1514
1515 1515
1516 1516
1517 1517
1518 1518
1519 1519
1520 1520
1521 1521
1522 1522
1523 1523
1524 1524
1525 1525
1526 1526
1527 1527
1528 1528
1529 1529
1530 1530
1531 1531
1532 1532
1533 1533
1534 1534
1535 1535
1536 1536
1537 1537
1538 1538
1539 1539
1540 1540
1541 1541
1542 1542
1543 1543
1544 1544
1545 1545
1546 1546
1547 1547
1548 1548
1549 1549
1550 1550
1551 1551
1552 1552
1553 1553
1554 1554
1555 1555
1556 1556
1557 1557
1558 1558
1559 1559
1560 1560
1561 1561
1562 1562
1563 1563
1564 1564
1565 1565
1566 1566
1567 1567
1568 1568
1569 1569
1570 1570
1571 1571
1572 1572
1573 1573
1574 1574
1575 1575
1576 1576
1577 1577
1578 1578
1579 1579
1580 1580
1581 1581
1582 1582
1583 1583
1584 1584
1585 1585
1586 1586
1587 1587
1588 1588
1589 1589
1590 1590
1591 1591
1592 1592
1593 1593
1594 1594
1595 1595
1596 1596
1597 1597
1598 1598
1599 1599
1600 1600
1601 1601
1602 1602
1603 1603
1604 1604
1605 1605
1606 1606
1607 1607
1608 1608
1609 1609
1610 1610
1611 1611
1612 1612
1613 1613
1614 1614
1615 1615
1616 1616
1617 1617
1618 1618
1619 1619
1620 1620
1621 1621
1622 1622
1623 1623
1624 1624
1625 1625
1626 1626
1627 1627
1628 1628
1629 1629
1630 1630
1631 1631
1632 1632
1633 1633
1634 1634
1635 1635
1636 1636
1637 1637
1638 1638
1639 1639
1640 1640
1641 1641
1642 1642
1643 1643
1644 1644
1645 1645
1646 1646
1647 1647
1648 1648
1649 1649
1650 1650
1651 1651
1652 1652
1653 1653
1654 1654
1655 1655
1656 1656
1657 1657
1658 1658
1659 1659
1660 1660
1661 1661
1662 1662
1663 1663
1664 1664
1665 1665
1666 1666
1667 1667
1668 1668
1669 1669
1670 1670
1671 1671
1672 1672
1673 1673
1674 1674
1675 1675
1676 1676
1677 1677
1678 1678
1679 1679
1680 1680
1681 1681
1682 1682
1683 1683
1684 1684
1685 1685
1686 1686
1687 1687
1688 1688
1689 1689
1690 1690
1691 1691
1692 1692
1693 1693
1694 1694
1695 1695
1696 1696
1697 1697
1698 1698
1699 1699
1700 1700
1701 1701
1702 1702
1703 1703
1704 1704
1705 1705
1706 1706
1707 1707
1708 1708
1709 1709
1710 1710
1711 1711
1712 1712
1713 1713
1714 1714
1715 1715
1716 1716
1717 1717
1718 1718
1719 1719
1720 1720
1721 1721
1722 1722
1723 1723
1724 1724
1725 1725
1726 1726
1727 1727
1728 0
1729 1728
1730 1
1731 3
1732 1729
1733 4
1734 6
1735 1730
1736 7
1737 9
1738 1731
1739 10
1740 12
1741 1732
1742 13
1743 15
1744 1733
1745 16
1746 18
1747 1734
1748 19
1749 27
1750 1735
1751 28
1752 30
1753 1736
1754 31
1755 33
1756 1737
1757 34
1758 36
1759 1738
1760 37
1761 39
1762 1739
1763 40
1764 42
1765 1740
1766 43
1767 45
1768 1741
1769 46
1770 48
1771 1742
1772 49
1773 51
1774 1743
1775 52
1776 54
1777 1744
1778 55
1779 57
1780 1745
1781 58
1782 60
1783 1746
1784 61
1785 63
1786 1747
1787 64
1788 66
1789 1748
1790 67
1791 69
1792 1749
1793 70
1794 72
1795 1750
1796 73
1797 75
1798 1751
1799 76
1800 84
1801 1752
1802 85
1803 87
1804 1753
1805 88
1806 90
1807 1754
1808 91
1809 93
1810 1755
1811 94
1812 96
1813 1756
1814 97
1815 99
1816 1757
1817 100
1818 108
1819 1758
1820 109
1821 111
1822 1759
1823 112
1824 114
1825 1760
1826 115
1827 117
1828 1761
1829 118
1830 120
1831 1762
1832 121
1833 123
1834 1763
1835 124
1836 126
1837 1764
1838 127
1839 129
1840 1765
1841 130
1842 132
1843 1766
1844 133
1845 135
1846 1767
1847 136
1848 138
1849 1768
1850 139
1851 1769
1852 1770
1853 1771
1854 144
1855 1772
1856 145
1857 147
1858 1773
1859 148
1860 150
1861 1774
1862 151
1863 153
1864 1775
1865 154
1866 156
1867 1776
1868 157
1869 159
1870 1777
1871 160
1872 162
1873 1778
1874 163
1875 165
1876 1779
1877 166
1878 174
1879 1780
1880 175
1881 177
1882 1781
1883 178
1884 180
1885 1782
1886 181
1887 183
1888 1783
1889 184
1890 186
1891 1784
1892 187
1893 189
1894 1785
1895 190
1896 198
1897 1786
1898 199
1899 201
1900 1787
1901 202
1902 204
1903 1788
1904 205
1905 207
1906 1789
1907 208
1908 210
1909 1790
1910 211
1911 213
1912 1791
1913 214
1914 216
1915 1792
1916 217
1917 219
1918 1793
1919 220
1920 222
1921 1794
1922 223
1923 225
1924 1795
1925 226
1926 228
1927 1796
1928 229
1929 231
1930 1797
1931 232
1932 234
1933 1798
1934 235
1935 237
1936 1799
1937 238
1938 240
1939 1800
1940 241
1941 243
1942 1801
1943 244
1944 246
1945 1802
1946 247
1947 249
1948 1803
1949 250
1950 252
1951 1804
1952 253
1953 255
1954 1805
1955 256
1956 258
1957 1806
1958 259
1959 267
1960 1807
1961 268
1962 270
1963 1808
1964 271
1965 273
1966 1809
1967 274
1968 276
1969 1810
1970 277
1971 279
1972 1811
1973 280
1974 282
1975 1812
1976 283
1977 285
1978 1813
1979 286
1980 288
1981 1814
1982 289
1983 291
1984 1815
1985 292
1986 294
1987 1816
1988 295
1989 297
1990 1817
1991 298
1992 300
1993 1818
1994 301
1995 303
1996 1819
1997 304
1998 306
1999 1820
2000 307
2001 309
2002 1821
2003 310
2004 312
2005 1822
2006 313
2007 315
2008 1823
2009 316
2010 318
2011 1824
2012 319
2013 321
2014 1825
2015 322
2016 324
2017 1826
2018 325
2019 327
2020 1827
2021 328
2022 336
2023 1828
2024 337
2025 339
2026 1829
2027 340
2028 342
2029 1830
2030 343
2031 345
2032 1831
2033 346
2034 348
2035 1832
2036 349
2037 351
2038 1833
2039 352
2040 360
2041 1834
2042 361
2043 363
2044 1835
2045 364
2046 366
2047 1836
2048 367
2049 369
2050 1837
2051 370
2052 372
2053 1838
2054 373
2055 375
2056 1839
2057 376
2058 378
2059 1840
2060 379
2061 381
2062 1841
2063 382
2064 384
2065 1842
2066 385
2067 387
2068 1843
2069 388
2070 390
2071 1844
2072 391
2073 393
2074 1845
2075 394
2076 396
2077 1846
2078 397
2079 399
2080 1847
2081 400
2082 402
2083 1848
2084 403
2085 405
2086 1849
2087 406
2088 408
2089 1850
2090 409
2091 411
2092 1851
2093 412
2094 414
2095 1852
2096 415
2097 417
2098 1853
2099 418
2100 420
2101 1854
2102 421
2103 429
2104 1855
2105 430
2106 432
2107 1856
2108 433
2109 435
2110 1857
2111 436
2112 438
2113 1858
2114 439
2115 441
2116 1859
2117 442
2118 444
2119 1860
2120 445
2121 453
2122 1861
2123 454
2124 456
2125 1862
2126 457
2127 459
2128 1863
2129 460
2130 462
2131 1864
2132 463
2133 465
2134 1865
2135 466
2136 468
2137 1866
2138 469
2139 471
2140 1867
2141 472
2142 474
2143 1868
2144 475
2145 477
2146 1869
2147 478
2148 480
2149 1870
2150 481
2151 483
2152 1871
2153 484
2154 486
2155 1872
2156 487
2157 489
2158 1873
2159 490
2160 492
2161 1874
2162 493
2163 495
2164 1875
2165 496
2166 498
2167 1876
2168 499
2169 501
2170 1877
2171 502
2172 504
2173 1878
2174 505
2175 507
2176 1879
2177 508
2178 510
2179 1880
2180 511
2181 513
2182 1881
2183 514
2184 522
2185 1882
2186 523
2187 525
2188 1883
2189 526
2190 528
2191 1884
2192 529
2193 1885
2194 1886
2195 1887
2196 534
2197 1888
2198 535
2199 537
2200 1889
2201 538
2202 546
2203 1890
2204 547
2205 549
2206 1891
2207 550
2208 1892
2209 1893
2210 1894
2211 555
2212 1895
2213 556
2214 558
2215 1896
2216 559
2217 561
2218 1897
2219 562
2220 564
2221 1898
2222 565
2223 567
2224 1899
2225 568
2226 570
2227 1900
2228 571
2229 573
2230 1901
2231 574
2232 576
2233 1902
2234 577
2235 579
2236 1903
2237 580
2238 582
2239 1904
2240 583
2241 585
2242 1905
2243 586
2244 588
2245 1906
2246 589
2247 591
2248 1907
2249 592
2250 594
2251 1908
2252 595
2253 597
2254 1909
2255 598
2256 600
2257 1910
2258 601
2259 603
2260 1911
2261 604
2262 612
2263 1912
2264 613
2265 615
2266 1913
2267 616
2268 618
2269 1914
2270 619
2271 621
2272 1915
2273 622
2274 624
2275 1916
2276 625
2277 627
2278 1917
2279 628
2280 636
2281 1918
2282 637
2283 639
2284 1919
2285 640
2286 642
2287 1920
2288 643
2289 645
2290 1921
2291 646
2292 648
2293 1922
2294 649
2295 651
2296 1923
2297 652
2298 654
2299 1924
2300 655
2301 657
2302 1925
2303 658
2304 660
2305 1926
2306 661
2307 663
2308 1927
2309 664
2310 666
2311 1928
2312 667
2313 669
2314 1929
2315 670
2316 672
2317 1930
2318 673
2319 675
2320 1931
2321 676
2322 678
2323 1932
2324 679
2325 681
2326 1933
2327 682
2328 684
2329 1934
2330 685
2331 687
2332 1935
2333 688
2334 690
2335 1936
2336 691
2337 693
2338 1937
2339 694
2340 696
2341 1938
2342 697
2343 705
2344 1939
2345 706
2346 708
2347 1940
2348 709
2349 711
2350 1941
2351 712
2352 714
2353 1942
2354 715
2355 717
2356 1943
2357 718
2358 720
2359 1944
2360 721
2361 729
2362 1945
2363 730
2364 732
2365 1946
2366 733
2367 1947
2368 1948
2369 1949
2370 738
2371 1950
2372 739
2373 741
2374 1951
2375 742
2376 744
2377 1952
2378 745
2379 747
2380 1953
2381 748
2382 750
2383 1954
2384 751
2385 753
2386 1955
2387 754
2388 756
2389 1956
2390 757
2391 759
2392 1957
2393 760
2394 762
2395 1958
2396 763
2397 765
2398 1959
2399 766
2400 768
2401 1960
2402 769
2403 771
2404 1961
2405 772
2406 774
2407 1962
2408 775
2409 1963
2410 1964
2411 1965
2412 780
2413 1966
2414 781
2415 783
2416 1967
2417 784
2418 786
2419 1968
2420 787
2421 789
2422 1969
2423 790
2424 798
2425 1970
2426 799
2427 801
2428 1971
2429 802
2430 804
2431 1972
2432 805
2433 807
2434 1973
2435 808
2436 810
2437 1974
2438 811
2439 813
2440 1975
2441 814
2442 822
2443 1976
2444 823
2445 825
2446 1977
2447 826
2448 828
2449 1978
2450 829
2451 831
2452 1979
2453 832
2454 834
2455 1980
2456 835
2457 837
2458 1981
2459 838
2460 840
2461 1982
2462 841
2463 843
2464 1983
2465 844
2466 846
2467 1984
2468 847
2469 849
2470 1985
2471 850
2472 852
2473 1986
2474 853
2475 855
2476 1987
2477 856
2478 858
2479 1988
2480 859
2481 861
2482 1989
2483 862
2484 864
2485 1990
2486 865
2487 867
2488 1991
2489 868
2490 870
2491 1992
2492 871
2493 873
2494 1993
2495 874
2496 876
2497 1994
2498 877
2499 879
2500 1995
2501 880
2502 882
2503 1996
2504 883
2505 891
2506 1997
2507 892
2508 894
2509 1998
2510 895
2511 897
2512 1999
2513 898
2514 900
2515 2000
2516 901
2517 903
2518 2001
2519 904
2520 906
2521 2002
2522 907
2523 909
2524 2003
2525 910
2526 912
2527 2004
2528 913
2529 915
2530 2005
2531 916
2532 918
2533 2006
2534 919
2535 921
2536 2007
2537 922
2538 924
2539 2008
2540 925
2541 927
2542 2009
2543 928
2544 930
2545 2010
2546 931
2547 933
2548 2011
2549 934
2550 936
2551 2012
2552 937
2553 939
2554 2013
2555 940
2556 942
2557 2014
2558 943
2559 945
2560 2015
2561 946
2562 948
2563 2016
2564 949
2565 951
2566 2017
2567 952
2568 960
2569 2018
2570 961
2571 963
2572 2019
2573 964
2574 966
2575 2020
2576 967
2577 2021
2578 2022
2579 2023
2580 972
2581 2024
2582 973
2583 975
2584 2025
2585 976
2586 984
2587 2026
2588 985
2589 987
2590 2027
2591 988
2592 2028
2593 2029
2594 2030
2595 993
2596 2031
2597 994
2598 996
2599 2032
2600 997
2601 999
2602 2033
2603 1000
2604 1002
2605 2034
2606 1003
2607 1005
2608 2035
2609 1006
2610 1008
2611 2036
2612 1009
2613 1011
2614 2037
2615 1012
2616 1014
2617 2038
2618 1015
2619 1017
2620 2039
2621 1018
2622 1020
2623 2040
2624 1021
2625 1023
2626 2041
2627 1024
2628 1026
2629 2042
2630 1027
2631 1029
2632 2043
2633 1030
2634 1032
2635 2044
2636 1033
2637 1035
2638 2045
2639 1036
2640 1038
2641 2046
2642 1039
2643 1041
2644 2047
2645 1042
2646 1050
2647 2048
2648 1051
2649 1053
2650 2049
2651 1054
2652 1056
2653 2050
2654 1057
2655 1059
2656 2051
2657 1060
2658 1062
2659 2052
2660 1063
2661 1065
2662 2053
2663 1066
2664 1074
2665 2054
2666 1075
2667 1077
2668 2055
2669 1078
2670 1080
2671 2056
2672 1081
2673 1083
2674 2057
2675 1084
2676 1086
2677 2058
2678 1087
2679 1089
2680 2059
2681 1090
2682 1092
2683 2060
2684 1093
2685 1095
2686 2061
2687 1096
2688 1098
2689 2062
2690 1099
2691 1101
2692 2063
2693 1102
2694 1104
2695 2064
2696 1105
2697 1107
2698 2065
2699 1108
2700 1110
2701 2066
2702 1111
2703 1113
2704 2067
2705 1114
2706 1116
2707 2068
2708 1117
2709 1119
2710 2069
2711 1120
2712 1122
2713 2070
2714 1123
2715 1125
2716 2071
2717 1126
2718 1128
2719 2072
2720 1129
2721 1131
2722 2073
2723 1132
2724 1134
2725 2074
2726 1135
2727 1143
2728 2075
2729 1144
2730 1146
2731 2076
2732 1147
2733 1149
2734 2077
2735 1150
2736 1152
2737 2078
2738 1153
2739 1155
2740 2079
2741 1156
2742 1158
2743 2080
2744 1159
2745 1167
2746 2081
2747 1168
2748 1170
2749 2082
2750 1171
2751 2083
2752 2084
2753 2085
2754 1176
2755 2086
2756 1177
2757 1179
2758 2087
2759 1180
2760 1182
2761 2088
2762 1183
2763 1185
2764 2089
2765 1186
2766 1188
2767 2090
2768 1189
2769 1191
2770 2091
2771 1192
2772 1194
2773 2092
2774 1195
2775 1197
2776 2093
2777 1198
2778 1200
2779 2094
2780 1201
2781 1203
2782 2095
2783 1204
2784 1206
2785 2096
2786 1207
2787 1209
2788 2097
2789 1210
2790 1212
2791 2098
2792 1213
2793 1215
2794 2099
2795 1216
2796 1218
2797 2100
2798 1219
2799 1221
2800 2101
2801 1222
2802 1224
2803 2102
2804 1225
2805 1227
2806 2103
2807 1228
2808 1236
2809 2104
2810 1237
2811 1239
2812 2105
2813 1240
2814 1242
2815 2106
2816 1243
2817 1245
2818 2107
2819 1246
2820 1248
2821 2108
2822 1249
2823 1251
2824 2109
2825 1252
2826 1260
2827 2110
2828 1261
2829 1263
2830 2111
2831 1264
2832 1266
2833 2112
2834 1267
2835 1269
2836 2113
2837 1270
2838 1272
2839 2114
2840 1273
2841 1275
2842 2115
2843 1276
2844 1278
2845 2116
2846 1279
2847 1281
2848 2117
2849 1282
2850 1284
2851 2118
2852 1285
2853 1287
2854 2119
2855 1288
2856 1290
2857 2120
2858 1291
2859 1293
2860 2121
2861 1294
2862 1296
2863 2122
2864 1297
2865 1299
2866 2123
2867 1300
2868 1302
2869 2124
2870 1303
2871 1305
2872 2125
2873 1306
2874 1308
2875 2126
2876 1309
2877 1311
2878 2127
2879 1312
2880 1314
2881 2128
2882 1315
2883 1317
2884 2129
2885 1318
2886 1320
2887 2130
2888 1321
2889 1329
2890 2131
2891 1330
2892 1332
2893 2132
2894 1333
2895 1335
2896 2133
2897 1336
2898 1338
2899 2134
2900 1339
2901 1341
2902 2135
2903 1342
2904 1344
2905 2136
2906 1345
2907 1353
2908 2137
2909 1354
2910 1356
2911 2138
2912 1357
2913 1359
2914 2139
2915 1360
2916 1362
2917 2140
2918 1363
2919 1365
2920 2141
2921 1366
2922 1368
2923 2142
2924 1369
2925 1371
2926 2143
2927 1372
2928 1374
2929 2144
2930 1375
2931 1377
2932 2145
2933 1378
2934 1380
2935 2146
2936 1381
2937 1383
2938 2147
2939 1384
2940 1386
2941 2148
2942 1387
2943 1389
2944 2149
2945 1390
2946 1392
2947 2150
2948 1393
2949 1395
2950 2151
2951 1396
2952 1398
2953 2152
2954 1399
2955 1401
2956 2153
2957 1402
2958 1404
2959 2154
2960 1405
2961 1407
2962 2155
2963 1408
2964 1410
2965 2156
2966 1411
2967 1413
2968 2157
2969 1414
2970 1422
2971 2158
2972 1423
2973 1425
2974 2159
2975 1426
2976 1428
2977 2160
2978 1429
2979 1431
2980 2161
2981 1432
2982 1434
2983 2162
2984 1435
2985 1437
2986 2163
2987 1438
2988 1443
2989 2164
2990 1444
2991 1446
2992 2165
2993 1447
2994 1449
2995 2166
2996 1450
2997 1452
2998 2167
2999 1453
3000 1455
3001 2168
3002 1456
3003 1458
3004 2169
3005 1459
3006 1461
3007 2170
3008 1462
3009 1464
3010 2171
3011 1465
3012 1467
3013 2172
3014 1468
3015 1470
3016 2173
3017 1471
3018 1473
3019 2174
3020 1474
3021 1476
3022 2175
3023 1477
3024 1479
3025 2176
3026 1480
3027 1482
3028 2177
3029 1483
3030 1488
3031 2178
3032 1489
3033 1491
3034 2179
3035 1492
3036 1494
3037 2180
3038 1495
3039 1497
3040 2181
3041 1498
3042 1500
3043 2182
3044 1501
3045 1503
3046 2183
3047 1504
3048 1512
3049 2184
3050 1513
3051 1515
3052 2185
3053 1516
3054 1518
3055 2186
3056 1519
3057 1521
3058 2187
3059 1522
3060 1524
3061 2188
3062 1525
3063 1527
3064 2189
3065 1528
3066 1530
3067 2190
3068 1531
3069 1533
3070 2191
3071 1534
3072 1536
3073 2192
3074 1537
3075 1539
3076 2193
3077 1540
3078 1542
3079 2194
3080 1543
3081 1545
3082 2195
3083 1546
3084 1548
3085 2196
3086 1549
3087 1551
3088 2197
3089 1552
3090 1554
3091 2198
3092 1555
3093 1557
3094 2199
3095 1558
3096 1560
3097 2200
3098 1561
3099 1563
3100 2201
3101 1564
3102 1566
3103 2202
3104 1567
3105 1569
3106 2203
3107 1570
3108 1572
3109 2204
3110 1573
3111 1581
3112 2205
3113 1582
3114 1584
3115 2206
3116 1585
3117 1587
3118 2207
3119 1588
3120 1590
3121 2208
3122 1591
3123 1593
3124 2209
3125 1594
3126 1596
3127 2210
3128 1597
3129 1605
3130 2211
3131 1606
3132 1608
3133 2212
3134 1609
3135 1611
3136 2213
3137 1612
3138 1614
3139 2214
3140 1615
3141 1617
3142 2215
3143 1618
3144 1620
3145 2216
3146 1621
3147 1623
3148 2217
3149 1624
3150 1626
3151 2218
3152 1627
3153 1629
3154 2219
3155 1630
3156 1632
3157 2220
3158 1633
3159 1635
3160 2221
3161 1636
3162 1638
3163 2222
3164 1639
3165 1641
3166 2223
3167 1642
3168 1644
3169 2224
3170 1645
3171 1647
3172 2225
3173 1648
3174 1650
3175 2226
3176 1651
3177 1653
3178 2227
3179 1654
3180 1656
3181 2228
3182 1657
3183 1659
3184 2229
3185 1660
3186 1662
3187 2230
3188 1663
3189 1665
3190 2231
3191 1666
3192 1674
3193 2232
3194 1675
3195 1677
3196 2233
3197 1678
3198 1680
3199 2234
3200 1681
3201 1683
3202 2235
3203 1684
3204 1686
3205 2236
3206 1687
3207 1689
3208 2237
3209 1690
3210 1698
3211 2238
3212 1699
3213 1701
3214 2239
3215 1702
3216 1704
3217 2240
3218 1705
3219 1707
3220 2241
3221 1708
3222 1710
3223 2242
3224 1711
3225 1713
3226 2243
3227 1714
3228 1716
3229 2244
3230 1717
3231 1719
3232 2245
3233 1720
3234 1722
3235 2246
3236 1723
3237 1725
3238 2247
3239 1726
