0 0.75
1 0.6875
2 0.722222
3 0.75
4 0.75
5 0.75
6 0.722222
7 0.1875
8 0.75
9 0.25
10 0.75
11 0.1875
12 0.75
13 0.625
14 0.722222
15 0.6875
16 0.75
17 0.6875
18 0.722222
19 0.125
20 0.75
21 0.1875
22 0.75
23 0.125
24 0.75
25 0.5625
26 0.722222
27 0.625
28 0.75
29 0.625
30 0.722222
31 0.0625
32 0.75
33 0.125
34 0.75
35 0.0625
36 0.75
37 0.5
38 0.722222
39 0.5625
40 0.75
41 0.5625
42 0.75
43 0.9375
44 0.722222
45 0.9375
46 0.736111
47 1
48 0.736111
49 0
50 0.722222
51 0.0625
52 0.75
53 0.0625
54 0.75
55 0.4375
56 0.722222
57 0.5
58 0.75
59 0.5
60 0.75
61 0.875
62 0.722222
63 0.9375
64 0.75
65 0.9375
66 0.722222
67 0.375
68 0.75
69 0.4375
70 0.75
71 0.375
72 0.75
73 0.8125
74 0.722222
75 0.875
76 0.75
77 0.875
78 0.722222
79 0.3125
80 0.75
81 0.375
82 0.75
83 0.3125
84 0.75
85 0.75
86 0.722222
87 0.8125
88 0.75
89 0.8125
90 0.722222
91 0.25
92 0.75
93 0.3125
94 0.75
95 0.25
96 0.722222
97 0.3125
98 0.694444
99 0.375
100 0.722222
101 0.375
102 0.694444
103 0.75
104 0.722222
105 0.8125
106 0.722222
107 0.75
108 0.722222
109 0.25
110 0.694444
111 0.3125
112 0.722222
113 0.3125
114 0.694444
115 0.6875
116 0.722222
117 0.75
118 0.722222
119 0.6875
120 0.694444
121 0.1875
122 0.722222
123 0.25
124 0.722222
125 0.1875
126 0.694444
127 0.625
128 0.722222
129 0.6875
130 0.722222
131 0.625
132 0.694444
133 0.125
134 0.722222
135 0.1875
136 0.722222
137 0.125
138 0.694444
139 0.5625
140 0.722222
141 0.625
142 0.722222
143 0.5625
144 0.694444
145 0.0625
146 0.722222
147 0.125
148 0.722222
149 0.0625
150 0.694444
151 0.5
152 0.722222
153 0.5625
154 0.722222
155 0.5
156 0.722222
157 0.9375
158 0.694444
159 0.9375
160 0.708333
161 1
162 0.708333
163 0
164 0.694444
165 0.0625
166 0.722222
167 0.0625
168 0.694444
169 0.4375
170 0.722222
171 0.5
172 0.722222
173 0.4375
174 0.694444
175 0.875
176 0.722222
177 0.9375
178 0.722222
179 0.875
180 0.694444
181 0.375
182 0.722222
183 0.4375
184 0.722222
185 0.375
186 0.694444
187 0.8125
188 0.722222
189 0.875
190 0.722222
191 0.8125
192 0.694444
193 0.0625
194 0.666667
195 0.125
196 0.694444
197 0.125
198 0.666667
199 0.5
200 0.694444
201 0.5625
202 0.694444
203 0.5
204 0.694444
205 0.9375
206 0.666667
207 0.9375
208 0.680555
209 1
210 0.680555
211 0
212 0.666667
213 0.0625
214 0.694444
215 0.0625
216 0.694444
217 0.4375
218 0.666667
219 0.5
220 0.694444
221 0.5
222 0.694444
223 0.875
224 0.666667
225 0.9375
226 0.694444
227 0.9375
228 0.666667
229 0.375
230 0.694444
231 0.4375
232 0.694444
233 0.375
234 0.666667
235 0.8125
236 0.694444
237 0.875
238 0.694444
239 0.8125
240 0.666667
241 0.3125
242 0.694444
243 0.375
244 0.694444
245 0.3125
246 0.694444
247 0.75
248 0.666667
249 0.8125
250 0.694444
251 0.8125
252 0.666667
253 0.25
254 0.694444
255 0.3125
256 0.694444
257 0.25
258 0.666667
259 0.6875
260 0.694444
261 0.75
262 0.694444
263 0.6875
264 0.666667
265 0.1875
266 0.694444
267 0.25
268 0.694444
269 0.1875
270 0.666667
271 0.625
272 0.694444
273 0.6875
274 0.694444
275 0.625
276 0.666667
277 0.125
278 0.694444
279 0.1875
280 0.694444
281 0.125
282 0.666667
283 0.5625
284 0.694444
285 0.625
286 0.694444
287 0.5625
288 0.666667
289 0.25
290 0.638889
291 0.3125
292 0.666667
293 0.3125
294 0.638889
295 0.6875
296 0.666667
297 0.75
298 0.666667
299 0.6875
300 0.666667
301 0.1875
302 0.638889
303 0.25
304 0.666667
305 0.25
306 0.666667
307 0.625
308 0.638889
309 0.6875
310 0.666667
311 0.6875
312 0.638889
313 0.125
314 0.666667
315 0.1875
316 0.666667
317 0.125
318 0.638889
319 0.5625
320 0.666667
321 0.625
322 0.666667
323 0.5625
324 0.666667
325 0.0625
326 0.638889
327 0.125
328 0.666667
329 0.125
330 0.638889
331 0.5
332 0.666667
333 0.5625
334 0.666667
335 0.5
336 0.666667
337 0.9375
338 0.638889
339 0.9375
340 0.652778
341 1
342 0.652778
343 0
344 0.638889
345 0.0625
346 0.666667
347 0.0625
348 0.638889
349 0.4375
350 0.666667
351 0.5
352 0.666667
353 0.4375
354 0.666667
355 0.875
356 0.638889
357 0.9375
358 0.666667
359 0.9375
360 0.666667
361 0.375
362 0.638889
363 0.4375
364 0.666667
365 0.4375
366 0.666667
367 0.8125
368 0.638889
369 0.875
370 0.666667
371 0.875
372 0.666667
373 0.3125
374 0.638889
375 0.375
376 0.666667
377 0.375
378 0.638889
379 0.75
380 0.666667
381 0.8125
382 0.666667
383 0.75
384 0.638889
385 0.9375
386 0.611111
387 0.9375
388 0.625
389 1
390 0.625
391 0
392 0.611111
393 0.0625
394 0.638889
395 0.0625
396 0.638889
397 0.4375
398 0.611111
399 0.5
400 0.638889
401 0.5
402 0.611111
403 0.875
404 0.638889
405 0.9375
406 0.638889
407 0.875
408 0.611111
409 0.375
410 0.638889
411 0.4375
412 0.638889
413 0.375
414 0.638889
415 0.8125
416 0.611111
417 0.875
418 0.638889
419 0.875
420 0.611111
421 0.3125
422 0.638889
423 0.375
424 0.638889
425 0.3125
426 0.611111
427 0.75
428 0.638889
429 0.8125
430 0.638889
431 0.75
432 0.638889
433 0.25
434 0.611111
435 0.3125
436 0.638889
437 0.3125
438 0.611111
439 0.6875
440 0.638889
441 0.75
442 0.638889
443 0.6875
444 0.638889
445 0.1875
446 0.611111
447 0.25
448 0.638889
449 0.25
450 0.638889
451 0.625
452 0.611111
453 0.6875
454 0.638889
455 0.6875
456 0.611111
457 0.125
458 0.638889
459 0.1875
460 0.638889
461 0.125
462 0.611111
463 0.5625
464 0.638889
465 0.625
466 0.638889
467 0.5625
468 0.611111
469 0.0625
470 0.638889
471 0.125
472 0.638889
473 0.0625
474 0.611111
475 0.5
476 0.638889
477 0.5625
478 0.638889
479 0.5
480 0.583333
481 0.6875
482 0.611111
483 0.75
484 0.611111
485 0.6875
486 0.611111
487 0.1875
488 0.583333
489 0.25
490 0.611111
491 0.25
492 0.611111
493 0.625
494 0.583333
495 0.6875
496 0.611111
497 0.6875
498 0.611111
499 0.125
500 0.583333
501 0.1875
502 0.611111
503 0.1875
504 0.583333
505 0.5625
506 0.611111
507 0.625
508 0.611111
509 0.5625
510 0.611111
511 0.0625
512 0.583333
513 0.125
514 0.611111
515 0.125
516 0.583333
517 0.5
518 0.611111
519 0.5625
520 0.611111
521 0.5
522 0.611111
523 0.9375
524 0.583333
525 0.9375
526 0.597222
527 1
528 0.597222
529 0
530 0.583333
531 0.0625
532 0.611111
533 0.0625
534 0.583333
535 0.4375
536 0.611111
537 0.5
538 0.611111
539 0.4375
540 0.583333
541 0.875
542 0.611111
543 0.9375
544 0.611111
545 0.875
546 0.611111
547 0.375
548 0.583333
549 0.4375
550 0.611111
551 0.4375
552 0.583333
553 0.8125
554 0.611111
555 0.875
556 0.611111
557 0.8125
558 0.583333
559 0.3125
560 0.611111
561 0.375
562 0.611111
563 0.3125
564 0.583333
565 0.75
566 0.611111
567 0.8125
568 0.611111
569 0.75
570 0.583333
571 0.25
572 0.611111
573 0.3125
574 0.611111
575 0.25
576 0.583333
577 0.4375
578 0.555555
579 0.5
580 0.583333
581 0.5
582 0.555555
583 0.875
584 0.583333
585 0.9375
586 0.583333
587 0.875
588 0.555555
589 0.375
590 0.583333
591 0.4375
592 0.583333
593 0.375
594 0.555555
595 0.8125
596 0.583333
597 0.875
598 0.583333
599 0.8125
600 0.555555
601 0.3125
602 0.583333
603 0.375
604 0.583333
605 0.3125
606 0.555555
607 0.75
608 0.583333
609 0.8125
610 0.583333
611 0.75
612 0.555555
613 0.25
614 0.583333
615 0.3125
616 0.583333
617 0.25
618 0.555555
619 0.6875
620 0.583333
621 0.75
622 0.583333
623 0.6875
624 0.583333
625 0.1875
626 0.555555
627 0.25
628 0.583333
629 0.25
630 0.583333
631 0.625
632 0.555555
633 0.6875
634 0.583333
635 0.6875
636 0.555555
637 0.125
638 0.583333
639 0.1875
640 0.583333
641 0.125
642 0.555555
643 0.5625
644 0.583333
645 0.625
646 0.583333
647 0.5625
648 0.555555
649 0.0625
650 0.583333
651 0.125
652 0.583333
653 0.0625
654 0.555555
655 0.5
656 0.583333
657 0.5625
658 0.583333
659 0.5
660 0.583333
661 0.9375
662 0.555555
663 0.9375
664 0.569444
665 1
666 0.569444
667 0
668 0.555555
669 0.0625
670 0.583333
671 0.0625
672 0.555555
673 0.1875
674 0.527778
675 0.25
676 0.555555
677 0.25
678 0.555555
679 0.625
680 0.527778
681 0.6875
682 0.555555
683 0.6875
684 0.527778
685 0.125
686 0.555555
687 0.1875
688 0.555555
689 0.125
690 0.555555
691 0.5625
692 0.527778
693 0.625
694 0.555555
695 0.625
696 0.555555
697 0.0625
698 0.527778
699 0.125
700 0.555555
701 0.125
702 0.527778
703 0.5
704 0.555555
705 0.5625
706 0.555555
707 0.5
708 0.555555
709 0.9375
710 0.527777
711 0.9375
712 0.541666
713 1
714 0.541666
715 0
716 0.527777
717 0.0625
718 0.555555
719 0.0625
720 0.527778
721 0.4375
722 0.555555
723 0.5
724 0.555555
725 0.4375
726 0.555555
727 0.875
728 0.527777
729 0.9375
730 0.555555
731 0.9375
732 0.527778
733 0.375
734 0.555555
735 0.4375
736 0.555555
737 0.375
738 0.555555
739 0.8125
740 0.527778
741 0.875
742 0.555555
743 0.875
744 0.527778
745 0.3125
746 0.555555
747 0.375
748 0.555555
749 0.3125
750 0.527778
751 0.75
752 0.555555
753 0.8125
754 0.555555
755 0.75
756 0.527778
757 0.25
758 0.555555
759 0.3125
760 0.555555
761 0.25
762 0.555555
763 0.6875
764 0.527778
765 0.75
766 0.555555
767 0.75
768 0.527778
769 0.875
770 0.5
771 0.9375
772 0.527777
773 0.9375
774 0.5
775 0.375
776 0.527778
777 0.4375
778 0.527778
779 0.375
780 0.5
781 0.8125
782 0.527778
783 0.875
784 0.527778
785 0.8125
786 0.5
787 0.3125
788 0.527778
789 0.375
790 0.527778
791 0.3125
792 0.5
793 0.75
794 0.527778
795 0.8125
796 0.527778
797 0.75
798 0.5
799 0.25
800 0.527778
801 0.3125
802 0.527778
803 0.25
804 0.527778
805 0.6875
806 0.5
807 0.75
808 0.527778
809 0.75
810 0.527778
811 0.1875
812 0.5
813 0.25
814 0.527778
815 0.25
816 0.527778
817 0.625
818 0.5
819 0.6875
820 0.527778
821 0.6875
822 0.527778
823 0.125
824 0.5
825 0.1875
826 0.527778
827 0.1875
828 0.527778
829 0.5625
830 0.5
831 0.625
832 0.527778
833 0.625
834 0.5
835 0.0625
836 0.527778
837 0.125
838 0.527777
839 0.0625
840 0.5
841 0.5
842 0.527778
843 0.5625
844 0.527778
845 0.5
846 0.527777
847 0.9375
848 0.5
849 0.9375
850 0.513888
851 1
852 0.513888
853 0
854 0.5
855 0.0625
856 0.527777
857 0.0625
858 0.5
859 0.4375
860 0.527778
861 0.5
862 0.527778
863 0.4375
864 0.5
865 0.625
866 0.472222
867 0.6875
868 0.5
869 0.6875
870 0.472222
871 0.125
872 0.5
873 0.1875
874 0.5
875 0.125
876 0.5
877 0.5625
878 0.472222
879 0.625
880 0.5
881 0.625
882 0.5
883 0.0625
884 0.472222
885 0.125
886 0.5
887 0.125
888 0.472222
889 0.5
890 0.5
891 0.5625
892 0.5
893 0.5
894 0.5
895 0.9375
896 0.472222
897 0.9375
898 0.486111
899 1
900 0.486111
901 0
902 0.472222
903 0.0625
904 0.5
905 0.0625
906 0.472222
907 0.4375
908 0.5
909 0.5
910 0.5
911 0.4375
912 0.5
913 0.875
914 0.472222
915 0.9375
916 0.5
917 0.9375
918 0.472222
919 0.375
920 0.5
921 0.4375
922 0.5
923 0.375
924 0.472222
925 0.8125
926 0.5
927 0.875
928 0.5
929 0.8125
930 0.472222
931 0.3125
932 0.5
933 0.375
934 0.5
935 0.3125
936 0.472222
937 0.75
938 0.5
939 0.8125
940 0.5
941 0.75
942 0.472222
943 0.25
944 0.5
945 0.3125
946 0.5
947 0.25
948 0.472222
949 0.6875
950 0.5
951 0.75
952 0.5
953 0.6875
954 0.5
955 0.1875
956 0.472222
957 0.25
958 0.5
959 0.25
960 0.472222
961 0.375
962 0.444444
963 0.4375
964 0.472222
965 0.4375
966 0.444444
967 0.8125
968 0.472222
969 0.875
970 0.472222
971 0.8125
972 0.444444
973 0.3125
974 0.472222
975 0.375
976 0.472222
977 0.3125
978 0.444444
979 0.75
980 0.472222
981 0.8125
982 0.472222
983 0.75
984 0.472222
985 0.25
986 0.444444
987 0.3125
988 0.472222
989 0.3125
990 0.444444
991 0.6875
992 0.472222
993 0.75
994 0.472222
995 0.6875
996 0.472222
997 0.1875
998 0.444444
999 0.25
1000 0.472222
1001 0.25
1002 0.472222
1003 0.625
1004 0.444444
1005 0.6875
1006 0.472222
1007 0.6875
1008 0.472222
1009 0.125
1010 0.444444
1011 0.1875
1012 0.472222
1013 0.1875
1014 0.444444
1015 0.5625
1016 0.472222
1017 0.625
1018 0.472222
1019 0.5625
1020 0.472222
1021 0.0625
1022 0.444444
1023 0.125
1024 0.472222
1025 0.125
1026 0.444444
1027 0.5
1028 0.472222
1029 0.5625
1030 0.472222
1031 0.5
1032 0.472222
1033 0.9375
1034 0.444444
1035 0.9375
1036 0.458333
1037 1
1038 0.458333
1039 0
1040 0.444444
1041 0.0625
1042 0.472222
1043 0.0625
1044 0.472222
1045 0.4375
1046 0.444444
1047 0.5
1048 0.472222
1049 0.5
1050 0.444444
1051 0.875
1052 0.472222
1053 0.9375
1054 0.472222
1055 0.875
1056 0.416667
1057 0.125
1058 0.444444
1059 0.1875
1060 0.444444
1061 0.125
1062 0.416667
1063 0.5625
1064 0.444444
1065 0.625
1066 0.444444
1067 0.5625
1068 0.444444
1069 0.0625
1070 0.416667
1071 0.125
1072 0.444444
1073 0.125
1074 0.416667
1075 0.5
1076 0.444444
1077 0.5625
1078 0.444444
1079 0.5
1080 0.444444
1081 0.9375
1082 0.416666
1083 0.9375
1084 0.430555
1085 1
1086 0.430555
1087 0
1088 0.416666
1089 0.0625
1090 0.444444
1091 0.0625
1092 0.416667
1093 0.4375
1094 0.444444
1095 0.5
1096 0.444444
1097 0.4375
1098 0.444444
1099 0.875
1100 0.416666
1101 0.9375
1102 0.444444
1103 0.9375
1104 0.416667
1105 0.375
1106 0.444444
1107 0.4375
1108 0.444444
1109 0.375
1110 0.416667
1111 0.8125
1112 0.444444
1113 0.875
1114 0.444444
1115 0.8125
1116 0.416667
1117 0.3125
1118 0.444444
1119 0.375
1120 0.444444
1121 0.3125
1122 0.416667
1123 0.75
1124 0.444444
1125 0.8125
1126 0.444444
1127 0.75
1128 0.444444
1129 0.25
1130 0.416667
1131 0.3125
1132 0.444444
1133 0.3125
1134 0.416667
1135 0.6875
1136 0.444444
1137 0.75
1138 0.444444
1139 0.6875
1140 0.444444
1141 0.1875
1142 0.416667
1143 0.25
1144 0.444444
1145 0.25
1146 0.444444
1147 0.625
1148 0.416667
1149 0.6875
1150 0.444444
1151 0.6875
1152 0.388889
1153 0.3125
1154 0.416667
1155 0.375
1156 0.416667
1157 0.3125
1158 0.388889
1159 0.75
1160 0.416667
1161 0.8125
1162 0.416667
1163 0.75
1164 0.416667
1165 0.25
1166 0.388889
1167 0.3125
1168 0.416667
1169 0.3125
1170 0.388889
1171 0.6875
1172 0.416667
1173 0.75
1174 0.416667
1175 0.6875
1176 0.416667
1177 0.1875
1178 0.388889
1179 0.25
1180 0.416667
1181 0.25
1182 0.416667
1183 0.625
1184 0.388889
1185 0.6875
1186 0.416667
1187 0.6875
1188 0.416667
1189 0.125
1190 0.388889
1191 0.1875
1192 0.416667
1193 0.1875
1194 0.388889
1195 0.5625
1196 0.416667
1197 0.625
1198 0.416667
1199 0.5625
1200 0.416666
1201 0.0625
1202 0.388889
1203 0.125
1204 0.416667
1205 0.125
1206 0.388889
1207 0.5
1208 0.416667
1209 0.5625
1210 0.416667
1211 0.5
1212 0.416666
1213 0.9375
1214 0.388889
1215 0.9375
1216 0.402777
1217 1
1218 0.402777
1219 0
1220 0.388889
1221 0.0625
1222 0.416666
1223 0.0625
1224 0.388889
1225 0.4375
1226 0.416667
1227 0.5
1228 0.416667
1229 0.4375
1230 0.388889
1231 0.875
1232 0.416666
1233 0.9375
1234 0.416666
1235 0.875
1236 0.416667
1237 0.375
1238 0.388889
1239 0.4375
1240 0.416667
1241 0.4375
1242 0.388889
1243 0.8125
1244 0.416666
1245 0.875
1246 0.416667
1247 0.8125
1248 0.388889
1249 0.0625
1250 0.361111
1251 0.125
1252 0.388889
1253 0.125
1254 0.361111
1255 0.5
1256 0.388889
1257 0.5625
1258 0.388889
1259 0.5
1260 0.388889
1261 0.9375
1262 0.361111
1263 0.9375
1264 0.375
1265 1
1266 0.375
1267 0
1268 0.361111
1269 0.0625
1270 0.388889
1271 0.0625
1272 0.388889
1273 0.4375
1274 0.361111
1275 0.5
1276 0.388889
1277 0.5
1278 0.361111
1279 0.875
1280 0.388889
1281 0.9375
1282 0.388889
1283 0.875
1284 0.388889
1285 0.375
1286 0.361111
1287 0.4375
1288 0.388889
1289 0.4375
1290 0.361111
1291 0.8125
1292 0.388889
1293 0.875
1294 0.388889
1295 0.8125
1296 0.361111
1297 0.3125
1298 0.388889
1299 0.375
1300 0.388889
1301 0.3125
1302 0.361111
1303 0.75
1304 0.388889
1305 0.8125
1306 0.388889
1307 0.75
1308 0.361111
1309 0.25
1310 0.388889
1311 0.3125
1312 0.388889
1313 0.25
1314 0.361111
1315 0.6875
1316 0.388889
1317 0.75
1318 0.388889
1319 0.6875
1320 0.388889
1321 0.1875
1322 0.361111
1323 0.25
1324 0.388889
1325 0.25
1326 0.388889
1327 0.625
1328 0.361111
1329 0.6875
1330 0.388889
1331 0.6875
1332 0.388889
1333 0.125
1334 0.361111
1335 0.1875
1336 0.388889
1337 0.1875
1338 0.361111
1339 0.5625
1340 0.388889
1341 0.625
1342 0.388889
1343 0.5625
1344 0.333333
1345 0.75
1346 0.361111
1347 0.8125
1348 0.361111
1349 0.75
1350 0.333333
1351 0.25
1352 0.361111
1353 0.3125
1354 0.361111
1355 0.25
1356 0.333333
1357 0.6875
1358 0.361111
1359 0.75
1360 0.361111
1361 0.6875
1362 0.361111
1363 0.1875
1364 0.333333
1365 0.25
1366 0.361111
1367 0.25
1368 0.361111
1369 0.625
1370 0.333333
1371 0.6875
1372 0.361111
1373 0.6875
1374 0.333333
1375 0.125
1376 0.361111
1377 0.1875
1378 0.361111
1379 0.125
1380 0.333333
1381 0.5625
1382 0.361111
1383 0.625
1384 0.361111
1385 0.5625
1386 0.333333
1387 0.0625
1388 0.361111
1389 0.125
1390 0.361111
1391 0.0625
1392 0.333333
1393 0.5
1394 0.361111
1395 0.5625
1396 0.361111
1397 0.5
1398 0.361111
1399 0.9375
1400 0.333333
1401 0.9375
1402 0.347222
1403 1
1404 0.347222
1405 0
1406 0.333333
1407 0.0625
1408 0.361111
1409 0.0625
1410 0.361111
1411 0.4375
1412 0.333333
1413 0.5
1414 0.361111
1415 0.5
1416 0.361111
1417 0.875
1418 0.333333
1419 0.9375
1420 0.361111
1421 0.9375
1422 0.361111
1423 0.375
1424 0.333333
1425 0.4375
1426 0.361111
1427 0.4375
1428 0.333333
1429 0.8125
1430 0.361111
1431 0.875
1432 0.361111
1433 0.8125
1434 0.333333
1435 0.3125
1436 0.361111
1437 0.375
1438 0.361111
1439 0.3125
1440 0.305555
1441 0.5
1442 0.333333
1443 0.5625
1444 0.333333
1445 0.5
1446 0.333333
1447 0.9375
1448 0.305555
1449 0.9375
1450 0.319444
1451 1
1452 0.319444
1453 0
1454 0.305555
1455 0.0625
1456 0.333333
1457 0.0625
1458 0.305555
1459 0.4375
1460 0.333333
1461 0.5
1462 0.333333
1463 0.4375
1464 0.333333
1465 0.875
1466 0.305555
1467 0.9375
1468 0.333333
1469 0.9375
1470 0.333333
1471 0.375
1472 0.305555
1473 0.4375
1474 0.333333
1475 0.4375
1476 0.305555
1477 0.8125
1478 0.333333
1479 0.875
1480 0.333333
1481 0.8125
1482 0.305555
1483 0.3125
1484 0.333333
1485 0.375
1486 0.333333
1487 0.3125
1488 0.305555
1489 0.75
1490 0.333333
1491 0.8125
1492 0.333333
1493 0.75
1494 0.305555
1495 0.25
1496 0.333333
1497 0.3125
1498 0.333333
1499 0.25
1500 0.333333
1501 0.6875
1502 0.305555
1503 0.75
1504 0.333333
1505 0.75
1506 0.333333
1507 0.1875
1508 0.305555
1509 0.25
1510 0.333333
1511 0.25
1512 0.333333
1513 0.625
1514 0.305555
1515 0.6875
1516 0.333333
1517 0.6875
1518 0.305555
1519 0.125
1520 0.333333
1521 0.1875
1522 0.333333
1523 0.125
1524 0.305555
1525 0.5625
1526 0.333333
1527 0.625
1528 0.333333
1529 0.5625
1530 0.333333
1531 0.0625
1532 0.305555
1533 0.125
1534 0.333333
1535 0.125
1536 0.277778
1537 0.25
1538 0.305555
1539 0.3125
1540 0.305555
1541 0.25
1542 0.277778
1543 0.6875
1544 0.305555
1545 0.75
1546 0.305555
1547 0.6875
1548 0.305555
1549 0.1875
1550 0.277778
1551 0.25
1552 0.305555
1553 0.25
1554 0.305555
1555 0.625
1556 0.277778
1557 0.6875
1558 0.305555
1559 0.6875
1560 0.277778
1561 0.125
1562 0.305555
1563 0.1875
1564 0.305555
1565 0.125
1566 0.277778
1567 0.5625
1568 0.305555
1569 0.625
1570 0.305555
1571 0.5625
1572 0.305555
1573 0.0625
1574 0.277778
1575 0.125
1576 0.305555
1577 0.125
1578 0.277778
1579 0.5
1580 0.305555
1581 0.5625
1582 0.305555
1583 0.5
1584 0.305555
1585 0.9375
1586 0.277778
1587 0.9375
1588 0.291666
1589 1
1590 0.291667
1591 0
1592 0.277778
1593 0.0625
1594 0.305555
1595 0.0625
1596 0.277778
1597 0.4375
1598 0.305555
1599 0.5
1600 0.305555
1601 0.4375
1602 0.277778
1603 0.875
1604 0.305555
1605 0.9375
1606 0.305555
1607 0.875
1608 0.305555
1609 0.375
1610 0.277778
1611 0.4375
1612 0.305555
1613 0.4375
1614 0.277778
1615 0.8125
1616 0.305555
1617 0.875
1618 0.305555
1619 0.8125
1620 0.277778
1621 0.3125
1622 0.305555
1623 0.375
1624 0.305555
1625 0.3125
1626 0.277778
1627 0.75
1628 0.305555
1629 0.8125
1630 0.305555
1631 0.75
1632 0.277778
1633 0.9375
1634 0.25
1635 0.9375
1636 0.263889
1637 1
1638 0.263889
1639 0
1640 0.25
1641 0.0625
1642 0.277778
1643 0.0625
1644 0.277778
1645 0.4375
1646 0.25
1647 0.5
1648 0.277778
1649 0.5
1650 0.25
1651 0.875
1652 0.277778
1653 0.9375
1654 0.277778
1655 0.875
1656 0.277778
1657 0.375
1658 0.25
1659 0.4375
1660 0.277778
1661 0.4375
1662 0.25
1663 0.8125
1664 0.277778
1665 0.875
1666 0.277778
1667 0.8125
1668 0.25
1669 0.3125
1670 0.277778
1671 0.375
1672 0.277778
1673 0.3125
1674 0.25
1675 0.75
1676 0.277778
1677 0.8125
1678 0.277778
1679 0.75
1680 0.25
1681 0.25
1682 0.277778
1683 0.3125
1684 0.277778
1685 0.25
1686 0.25
1687 0.6875
1688 0.277778
1689 0.75
1690 0.277778
1691 0.6875
1692 0.277778
1693 0.1875
1694 0.25
1695 0.25
1696 0.277778
1697 0.25
1698 0.277778
1699 0.625
1700 0.25
1701 0.6875
1702 0.277778
1703 0.6875
1704 0.25
1705 0.125
1706 0.277778
1707 0.1875
1708 0.277778
1709 0.125
1710 0.25
1711 0.5625
1712 0.277778
1713 0.625
1714 0.277778
1715 0.5625
1716 0.277778
1717 0.0625
1718 0.25
1719 0.125
1720 0.277778
1721 0.125
1722 0.25
1723 0.5
1724 0.277778
1725 0.5625
1726 0.277778
1727 0.5
1728 0.222222
1729 0.6875
1730 0.25
1731 0.75
1732 0.25
1733 0.6875
1734 0.25
1735 0.1875
1736 0.222222
1737 0.25
1738 0.25
1739 0.25
1740 0.25
1741 0.625
1742 0.222222
1743 0.6875
1744 0.25
1745 0.6875
1746 0.222222
1747 0.125
1748 0.25
1749 0.1875
1750 0.25
1751 0.125
1752 0.222222
1753 0.5625
1754 0.25
1755 0.625
1756 0.25
1757 0.5625
1758 0.25
1759 0.0625
1760 0.222222
1761 0.125
1762 0.25
1763 0.125
1764 0.222222
1765 0.5
1766 0.25
1767 0.5625
1768 0.25
1769 0.5
1770 0.25
1771 0.9375
1772 0.222222
1773 0.9375
1774 0.236111
1775 1
1776 0.236111
1777 0
1778 0.222222
1779 0.0625
1780 0.25
1781 0.0625
1782 0.25
1783 0.4375
1784 0.222222
1785 0.5
1786 0.25
1787 0.5
1788 0.25
1789 0.875
1790 0.222222
1791 0.9375
1792 0.25
1793 0.9375
1794 0.25
1795 0.375
1796 0.222222
1797 0.4375
1798 0.25
1799 0.4375
1800 0.25
1801 0.8125
1802 0.222222
1803 0.875
1804 0.25
1805 0.875
1806 0.222222
1807 0.3125
1808 0.25
1809 0.375
1810 0.25
1811 0.3125
1812 0.222222
1813 0.75
1814 0.25
1815 0.8125
1816 0.25
1817 0.75
1818 0.222222
1819 0.25
1820 0.25
1821 0.3125
1822 0.25
1823 0.25
1824 0.222222
1825 0.4375
1826 0.194444
1827 0.5
1828 0.222222
1829 0.5
1830 0.222222
1831 0.875
1832 0.194445
1833 0.9375
1834 0.222222
1835 0.9375
1836 0.222222
1837 0.375
1838 0.194444
1839 0.4375
1840 0.222222
1841 0.4375
1842 0.194444
1843 0.8125
1844 0.222222
1845 0.875
1846 0.222222
1847 0.8125
1848 0.194444
1849 0.3125
1850 0.222222
1851 0.375
1852 0.222222
1853 0.3125
1854 0.194444
1855 0.75
1856 0.222222
1857 0.8125
1858 0.222222
1859 0.75
1860 0.194444
1861 0.25
1862 0.222222
1863 0.3125
1864 0.222222
1865 0.25
1866 0.194444
1867 0.6875
1868 0.222222
1869 0.75
1870 0.222222
1871 0.6875
1872 0.222222
1873 0.1875
1874 0.194444
1875 0.25
1876 0.222222
1877 0.25
1878 0.222222
1879 0.625
1880 0.194444
1881 0.6875
1882 0.222222
1883 0.6875
1884 0.194444
1885 0.125
1886 0.222222
1887 0.1875
1888 0.222222
1889 0.125
1890 0.194444
1891 0.5625
1892 0.222222
1893 0.625
1894 0.222222
1895 0.5625
1896 0.222222
1897 0.0625
1898 0.194444
1899 0.125
1900 0.222222
1901 0.125
1902 0.194444
1903 0.5
1904 0.222222
1905 0.5625
1906 0.222222
1907 0.5
1908 0.222222
1909 0.9375
1910 0.194445
1911 0.9375
1912 0.208333
1913 1
1914 0.208333
1915 0
1916 0.194444
1917 0.0625
1918 0.222222
1919 0.0625
1920 0.194444
1921 0.1875
1922 0.166667
1923 0.25
1924 0.194444
1925 0.25
1926 0.194444
1927 0.625
1928 0.166667
1929 0.6875
1930 0.194444
1931 0.6875
1932 0.166667
1933 0.125
1934 0.194444
1935 0.1875
1936 0.194444
1937 0.125
1938 0.166667
1939 0.5625
1940 0.194444
1941 0.625
1942 0.194444
1943 0.5625
1944 0.194444
1945 0.0625
1946 0.166667
1947 0.125
1948 0.194444
1949 0.125
1950 0.166667
1951 0.5
1952 0.194444
1953 0.5625
1954 0.194444
1955 0.5
1956 0.194445
1957 0.9375
1958 0.166667
1959 0.9375
1960 0.180556
1961 1
1962 0.180556
1963 0
1964 0.166667
1965 0.0625
1966 0.194444
1967 0.0625
1968 0.166667
1969 0.4375
1970 0.194444
1971 0.5
1972 0.194444
1973 0.4375
1974 0.166667
1975 0.875
1976 0.194445
1977 0.9375
1978 0.194444
1979 0.875
1980 0.194444
1981 0.375
1982 0.166667
1983 0.4375
1984 0.194444
1985 0.4375
1986 0.166667
1987 0.8125
1988 0.194444
1989 0.875
1990 0.194444
1991 0.8125
1992 0.166667
1993 0.3125
1994 0.194444
1995 0.375
1996 0.194444
1997 0.3125
1998 0.166667
1999 0.75
2000 0.194444
2001 0.8125
2002 0.194444
2003 0.75
2004 0.166667
2005 0.25
2006 0.194444
2007 0.3125
2008 0.194444
2009 0.25
2010 0.166667
2011 0.6875
2012 0.194444
2013 0.75
2014 0.194444
2015 0.6875
2016 0.166667
2017 0.375
2018 0.138889
2019 0.4375
2020 0.166667
2021 0.4375
2022 0.138889
2023 0.8125
2024 0.166667
2025 0.875
2026 0.166667
2027 0.8125
2028 0.138889
2029 0.3125
2030 0.166667
2031 0.375
2032 0.166667
2033 0.3125
2034 0.138889
2035 0.75
2036 0.166667
2037 0.8125
2038 0.166667
2039 0.75
2040 0.138889
2041 0.25
2042 0.166667
2043 0.3125
2044 0.166667
2045 0.25
2046 0.166667
2047 0.6875
2048 0.138889
2049 0.75
2050 0.166667
2051 0.75
2052 0.166667
2053 0.1875
2054 0.138889
2055 0.25
2056 0.166667
2057 0.25
2058 0.166667
2059 0.625
2060 0.138889
2061 0.6875
2062 0.166667
2063 0.6875
2064 0.138889
2065 0.125
2066 0.166667
2067 0.1875
2068 0.166667
2069 0.125
2070 0.138889
2071 0.5625
2072 0.166667
2073 0.625
2074 0.166667
2075 0.5625
2076 0.166667
2077 0.0625
2078 0.138889
2079 0.125
2080 0.166667
2081 0.125
2082 0.138889
2083 0.5
2084 0.166667
2085 0.5625
2086 0.166667
2087 0.5
2088 0.166667
2089 0.9375
2090 0.138889
2091 0.9375
2092 0.152778
2093 1
2094 0.152778
2095 0
2096 0.138889
2097 0.0625
2098 0.166667
2099 0.0625
2100 0.166667
2101 0.4375
2102 0.138889
2103 0.5
2104 0.166667
2105 0.5
2106 0.166667
2107 0.875
2108 0.138889
2109 0.9375
2110 0.166667
2111 0.9375
2112 0.111111
2113 0.125
2114 0.138889
2115 0.1875
2116 0.138889
2117 0.125
2118 0.111111
2119 0.5625
2120 0.138889
2121 0.625
2122 0.138889
2123 0.5625
2124 0.111111
2125 0.0625
2126 0.138889
2127 0.125
2128 0.138889
2129 0.0625
2130 0.111111
2131 0.5
2132 0.138889
2133 0.5625
2134 0.138889
2135 0.5
2136 0.138889
2137 0.9375
2138 0.111111
2139 0.9375
2140 0.125
2141 1
2142 0.125
2143 0
2144 0.111111
2145 0.0625
2146 0.138889
2147 0.0625
2148 0.138889
2149 0.4375
2150 0.111111
2151 0.5
2152 0.138889
2153 0.5
2154 0.111111
2155 0.875
2156 0.138889
2157 0.9375
2158 0.138889
2159 0.875
2160 0.138889
2161 0.375
2162 0.111111
2163 0.4375
2164 0.138889
2165 0.4375
2166 0.138889
2167 0.8125
2168 0.111111
2169 0.875
2170 0.138889
2171 0.875
2172 0.111111
2173 0.3125
2174 0.138889
2175 0.375
2176 0.138889
2177 0.3125
2178 0.111111
2179 0.75
2180 0.138889
2181 0.8125
2182 0.138889
2183 0.75
2184 0.111111
2185 0.25
2186 0.138889
2187 0.3125
2188 0.138889
2189 0.25
2190 0.138889
2191 0.6875
2192 0.111111
2193 0.75
2194 0.138889
2195 0.75
2196 0.138889
2197 0.1875
2198 0.111111
2199 0.25
2200 0.138889
2201 0.25
2202 0.138889
2203 0.625
2204 0.111111
2205 0.6875
2206 0.138889
2207 0.6875
2208 0.111111
2209 0.8125
2210 0.083333
2211 0.875
2212 0.111111
2213 0.875
2214 0.083333
2215 0.3125
2216 0.111111
2217 0.375
2218 0.111111
2219 0.3125
2220 0.083333
2221 0.75
2222 0.111111
2223 0.8125
2224 0.111111
2225 0.75
2226 0.083333
2227 0.25
2228 0.111111
2229 0.3125
2230 0.111111
2231 0.25
2232 0.111111
2233 0.6875
2234 0.083333
2235 0.75
2236 0.111111
2237 0.75
2238 0.111111
2239 0.1875
2240 0.083333
2241 0.25
2242 0.111111
2243 0.25
2244 0.083333
2245 0.625
2246 0.111111
2247 0.6875
