0 0.50693
1 -0.863972
2 1.15755
3 0.188311
4 -1.25719
5 0.806967
6 0.50693
7 -1.25719
8 0.834842
9 0.256592
10 2.73523
11 0.419721
12 0.50693
13 2.41252
14 0.834842
15 0.50693
16 2.73523
17 0.441622
18 0.50693
19 -0.415352
20 1.39734
21 0.132273
22 -0.863972
23 1.12477
24 0.50693
25 -0.863972
26 1.15755
27 0.334495
28 2.97502
29 -0.022084
30 0.50693
31 2.73523
32 0.441622
33 0.50693
34 2.97502
35 -0.006999
36 0.50693
37 0.07143
38 1.545
39 0.090634
40 -0.415352
41 1.36092
42 0.50693
43 -0.415352
44 1.39734
45 0.419023
46 3.12269
47 -0.501471
48 0.50693
49 2.97502
50 -0.006999
51 0.50693
52 3.12269
53 -0.493781
54 0.50693
55 0.577666
56 1.59486
57 0.064992
58 0.07143
59 1.50634
60 0.50693
61 0.07143
62 1.545
63 0.50693
64 -1.96736
65 -0.49378
66 0.419023
67 -1.96736
68 -0.50147
69 0.506931
70 -2.01722
71 -1.00002
72 0.50693
73 3.17255
74 -1.00002
75 0.419023
76 3.12269
77 -0.501471
78 0.50693
79 3.12269
80 -0.493781
81 0.50693
82 1.0839
83 1.545
84 0.056334
85 0.577666
86 1.55544
87 0.50693
88 0.577666
89 1.59486
90 0.50693
91 -1.81969
92 -0.006998
93 0.419023
94 -1.96736
95 -0.50147
96 0.50693
97 -1.96736
98 -0.49378
99 0.090634
100 1.57068
101 1.36092
102 0.50693
103 1.0839
104 1.545
105 0.50693
106 1.57068
107 1.39734
108 0.50693
109 -1.5799
110 0.441622
111 0.334495
112 -1.81969
113 -0.022084
114 0.50693
115 -1.81969
116 -0.006998
117 0.132273
118 2.0193
119 1.12477
120 0.50693
121 1.57068
122 1.39734
123 0.50693
124 2.0193
125 1.15755
126 0.50693
127 -1.25719
128 0.834842
129 0.256592
130 -1.5799
131 0.419721
132 0.50693
133 -1.5799
134 0.441622
135 0.188311
136 2.41252
137 0.806967
138 0.50693
139 2.0193
140 1.15755
141 0.50693
142 2.41252
143 0.834842
144 0.132273
145 2.0193
146 1.12477
147 -0.313014
148 1.57068
149 1.25276
150 0.090634
151 1.57068
152 1.36092
153 -0.120628
154 -1.25719
155 0.724187
156 0.256592
157 -1.5799
158 0.419721
159 0.188311
160 -1.25719
161 0.806967
162 0.188311
163 2.41252
164 0.806967
165 -0.231001
166 2.0193
167 1.02743
168 0.132273
169 2.0193
170 1.12477
171 -0.231001
172 -0.863972
173 1.02743
174 0.188311
175 -1.25719
176 0.806967
177 0.132273
178 -0.863972
179 1.12477
180 0.013861
181 2.73523
182 0.354681
183 0.188311
184 2.41252
185 0.806967
186 0.256592
187 2.73523
188 0.419721
189 -0.313014
190 -0.415352
191 1.25276
192 0.132273
193 -0.863972
194 1.12477
195 0.090634
196 -0.415352
197 1.36092
198 0.167298
199 2.97502
200 -0.066884
201 0.256592
202 2.73523
203 0.419721
204 0.334495
205 2.97502
206 -0.022084
207 -0.363518
208 0.07143
209 1.39152
210 0.090634
211 -0.415352
212 1.36092
213 0.064992
214 0.07143
215 1.50634
216 0.333787
217 3.12269
218 -0.52431
219 0.334495
220 2.97502
221 -0.022084
222 0.419023
223 3.12269
224 -0.501471
225 -0.380571
226 0.577666
227 1.43837
228 0.064992
229 0.07143
230 1.50634
231 0.056334
232 0.577666
233 1.55544
234 0.419023
235 -1.96736
236 -0.50147
237 0.333787
238 -1.96736
239 -0.524309
240 0.506931
241 -2.01722
242 -1.00002
243 0.50693
244 3.17255
245 -1.00002
246 0.333787
247 3.12269
248 -0.52431
249 0.419023
250 3.12269
251 -0.501471
252 -0.363518
253 1.0839
254 1.39152
255 0.056334
256 0.577666
257 1.55544
258 0.064992
259 1.0839
260 1.50634
261 0.167298
262 -1.81969
263 -0.066884
264 0.419023
265 -1.96736
266 -0.50147
267 0.334495
268 -1.81969
269 -0.022084
270 -0.313014
271 1.57068
272 1.25276
273 0.064992
274 1.0839
275 1.50634
276 0.090634
277 1.57068
278 1.36092
279 0.013861
280 -1.5799
281 0.354681
282 0.334495
283 -1.81969
284 -0.022084
285 0.256592
286 -1.5799
287 0.419721
288 0.333787
289 3.12269
290 -0.52431
291 0.010421
292 2.97502
293 -0.140037
294 0.167298
295 2.97502
296 -0.066884
297 -0.790511
298 0.577666
299 1.24722
300 -0.363518
301 0.07143
302 1.39152
303 -0.380571
304 0.577666
305 1.43837
306 0.333787
307 -1.96736
308 -0.524309
309 0.253812
310 -1.96736
311 -0.561602
312 0.506931
313 -2.01722
314 -1.00002
315 0.50693
316 3.17255
317 -1.00002
318 0.253812
319 3.12269
320 -0.561603
321 0.333787
322 3.12269
323 -0.52431
324 -0.363518
325 1.0839
326 1.39152
327 -0.790511
328 0.577666
329 1.24722
330 -0.380571
331 0.577666
332 1.43837
333 0.167298
334 -1.81969
335 -0.066884
336 0.253812
337 -1.96736
338 -0.561602
339 0.333787
340 -1.96736
341 -0.524309
342 -0.691749
343 1.57068
344 1.07616
345 -0.363518
346 1.0839
347 1.39152
348 -0.313014
349 1.57068
350 1.25276
351 -0.213889
352 -1.5799
353 0.24848
354 0.167298
355 -1.81969
356 -0.066884
357 0.013861
358 -1.5799
359 0.354681
360 -0.571852
361 2.0193
362 0.86849
363 -0.313014
364 1.57068
365 1.25276
366 -0.231001
367 2.0193
368 1.02743
369 -0.120628
370 -1.25719
371 0.724187
372 -0.213889
373 -1.5799
374 0.24848
375 0.013861
376 -1.5799
377 0.354681
378 -0.410499
379 2.41252
380 0.589018
381 -0.231001
382 2.0193
383 1.02743
384 -0.120628
385 2.41252
386 0.724187
387 -0.571852
388 -0.863972
389 0.86849
390 -0.120628
391 -1.25719
392 0.724187
393 -0.231001
394 -0.863972
395 1.02743
396 -0.213889
397 2.73523
398 0.24848
399 -0.120628
400 2.41252
401 0.724187
402 0.013861
403 2.73523
404 0.354681
405 -0.691749
406 -0.415352
407 1.07616
408 -0.231001
409 -0.863972
410 1.02743
411 -0.313014
412 -0.415352
413 1.25276
414 0.010421
415 2.97502
416 -0.140037
417 0.013861
418 2.73523
419 0.354681
420 0.167298
421 2.97502
422 -0.066884
423 -0.765581
424 0.07143
425 1.20404
426 -0.313014
427 -0.415352
428 1.25276
429 -0.363518
430 0.07143
431 1.39152
432 -0.410499
433 2.41252
434 0.589018
435 -0.879926
436 2.0193
437 0.652775
438 -0.571852
439 2.0193
440 0.86849
441 -0.879926
442 -0.863972
443 0.652775
444 -0.410499
445 -1.25719
446 0.589018
447 -0.571852
448 -0.863972
449 0.86849
450 -0.213889
451 2.73523
452 0.24848
453 -0.672494
454 2.41252
455 0.405567
456 -0.410499
457 2.41252
458 0.589018
459 -0.691749
460 -0.415352
461 1.07616
462 -0.879926
463 -0.863972
464 0.652775
465 -0.571852
466 -0.863972
467 0.86849
468 -0.13137
469 2.97502
470 -0.23932
471 -0.213889
472 2.73523
473 0.24848
474 0.010421
475 2.97502
476 -0.140037
477 -1.12898
478 0.07143
479 0.949583
480 -0.691749
481 -0.415352
482 1.07616
483 -0.765581
484 0.07143
485 1.20404
486 0.253812
487 3.12269
488 -0.561603
489 -0.13137
490 2.97502
491 -0.23932
492 0.010421
493 2.97502
494 -0.140037
495 -1.16103
496 0.577666
497 0.987778
498 -0.765581
499 0.07143
500 1.20404
501 -0.790511
502 0.577666
503 1.24722
504 0.253812
505 -1.96736
506 -0.561602
507 0.181528
508 -1.96736
509 -0.612216
510 0.506931
511 -2.01722
512 -1.00002
513 0.50693
514 3.17255
515 -1.00002
516 0.181528
517 3.12269
518 -0.612217
519 0.253812
520 3.12269
521 -0.561603
522 -1.12898
523 1.0839
524 0.949584
525 -0.790511
526 0.577666
527 1.24722
528 -0.765581
529 1.0839
530 1.20404
531 0.010421
532 -1.81969
533 -0.140037
534 0.181528
535 -1.96736
536 -0.612216
537 0.253812
538 -1.96736
539 -0.561602
540 -0.691749
541 1.57068
542 1.07616
543 -1.12898
544 1.0839
545 0.949584
546 -0.765581
547 1.0839
548 1.20404
549 -0.213889
550 -1.5799
551 0.24848
552 -0.13137
553 -1.81969
554 -0.23932
555 0.010421
556 -1.81969
557 -0.140037
558 -0.571852
559 2.0193
560 0.86849
561 -1.03406
562 1.57068
563 0.836467
564 -0.691749
565 1.57068
566 1.07616
567 -0.672494
568 -1.25719
569 0.405567
570 -0.213889
571 -1.5799
572 0.24848
573 -0.410499
574 -1.25719
575 0.589018
576 0.181528
577 -1.96736
578 -0.612216
579 0.11913
580 -1.96736
581 -0.674614
582 0.506931
583 -2.01722
584 -1.00002
585 0.50693
586 3.17255
587 -1.00002
588 0.119131
589 3.12269
590 -0.674614
591 0.181528
592 3.12269
593 -0.612217
594 -1.12898
595 1.0839
596 0.949584
597 -1.48086
598 0.577666
599 0.667941
600 -1.16103
601 0.577666
602 0.987778
603 -0.253766
604 -1.81969
605 -0.361716
606 0.181528
607 -1.96736
608 -0.612216
609 -0.13137
610 -1.81969
611 -0.23932
612 -1.32955
613 1.57068
614 0.540976
615 -1.12898
616 1.0839
617 0.949584
618 -1.03406
619 1.57068
620 0.836467
621 -0.419738
622 -1.5799
623 0.104343
624 -0.253766
625 -1.81969
626 -0.361716
627 -0.13137
628 -1.81969
629 -0.23932
630 -1.14586
631 2.0193
632 0.38684
633 -1.03406
634 1.57068
635 0.836467
636 -0.879926
637 2.0193
638 0.652775
639 -0.898653
640 -1.25719
641 0.179408
642 -0.419738
643 -1.5799
644 0.104343
645 -0.672494
646 -1.25719
647 0.405567
648 -0.672494
649 2.41252
650 0.405567
651 -1.14586
652 2.0193
653 0.38684
654 -0.879926
655 2.0193
656 0.652775
657 -1.14586
658 -0.863972
659 0.38684
660 -0.672494
661 -1.25719
662 0.405567
663 -0.879926
664 -0.863972
665 0.652775
666 -0.419738
667 2.73523
668 0.104343
669 -0.898653
670 2.41252
671 0.179408
672 -0.672494
673 2.41252
674 0.405567
675 -1.03406
676 -0.415352
677 0.836466
678 -1.14586
679 -0.863972
680 0.38684
681 -0.879926
682 -0.863972
683 0.652775
684 -0.253766
685 2.97502
686 -0.361717
687 -0.419738
688 2.73523
689 0.104343
690 -0.13137
691 2.97502
692 -0.23932
693 -1.44267
694 0.07143
695 0.635892
696 -1.03406
697 -0.415352
698 0.836466
699 -1.12898
700 0.07143
701 0.949583
702 0.119131
703 3.12269
704 -0.674614
705 -0.13137
706 2.97502
707 -0.23932
708 0.181528
709 3.12269
710 -0.612217
711 -1.48086
712 0.577666
713 0.667941
714 -1.12898
715 0.07143
716 0.949583
717 -1.16103
718 0.577666
719 0.987778
720 -1.36158
721 -0.863972
722 0.078766
723 -0.898653
724 -1.25719
725 0.179408
726 -1.14586
727 -0.863972
728 0.38684
729 -0.59743
730 2.73523
731 -0.073349
732 -1.0821
733 2.41252
734 -0.082587
735 -0.898653
736 2.41252
737 0.179408
738 -1.32955
739 -0.415352
740 0.540975
741 -1.36158
742 -0.863972
743 0.078766
744 -1.14586
745 -0.863972
746 0.38684
747 -0.253766
748 2.97502
749 -0.361717
750 -0.741566
751 2.73523
752 -0.279197
753 -0.59743
754 2.73523
755 -0.073349
756 -1.69712
757 0.07143
758 0.272494
759 -1.32955
760 -0.415352
761 0.540975
762 -1.44267
763 0.07143
764 0.635892
765 0.119131
766 3.12269
767 -0.674614
768 -0.353049
769 2.97502
770 -0.503507
771 -0.253766
772 2.97502
773 -0.361717
774 -1.7403
775 0.577666
776 0.297424
777 -1.44267
778 0.07143
779 0.635892
780 -1.48086
781 0.577666
782 0.667941
783 0.11913
784 -1.96736
785 -0.674614
786 0.068516
787 -1.96736
788 -0.746898
789 0.506931
790 -2.01722
791 -1.00002
792 0.50693
793 3.17255
794 -1.00002
795 0.068517
796 3.12269
797 -0.746898
798 0.119131
799 3.12269
800 -0.674614
801 -1.69712
802 1.0839
803 0.272494
804 -1.48086
805 0.577666
806 0.667941
807 -1.44267
808 1.0839
809 0.635892
810 -0.353049
811 -1.81969
812 -0.503507
813 0.11913
814 -1.96736
815 -0.674614
816 -0.253766
817 -1.81969
818 -0.361716
819 -1.32955
820 1.57068
821 0.540976
822 -1.69712
823 1.0839
824 0.272494
825 -1.44267
826 1.0839
827 0.635892
828 -0.741566
829 -1.5799
830 -0.279197
831 -0.253766
832 -1.81969
833 -0.361716
834 -0.59743
835 -1.5799
836 -0.073349
837 -1.36158
838 2.0193
839 0.078766
840 -1.32955
841 1.57068
842 0.540976
843 -1.14586
844 2.0193
845 0.38684
846 -1.0821
847 -1.25719
848 -0.082587
849 -0.59743
850 -1.5799
851 -0.073349
852 -0.898653
853 -1.25719
854 0.179408
855 -1.0821
856 2.41252
857 -0.082587
858 -1.14586
859 2.0193
860 0.38684
861 -0.898653
862 2.41252
863 0.179408
864 -1.69712
865 1.0839
866 0.272494
867 -1.93146
868 0.577666
869 -0.112515
870 -1.7403
871 0.577666
872 0.297424
873 -0.426202
874 -1.81969
875 -0.660384
876 0.068516
877 -1.96736
878 -0.746898
879 -0.353049
880 -1.81969
881 -0.503507
882 -1.74585
883 1.57068
884 -0.180072
885 -1.69712
886 1.0839
887 0.272494
888 -1.56924
889 1.57068
890 0.198663
891 -0.847768
892 -1.5799
893 -0.506947
894 -0.353049
895 -1.81969
896 -0.503507
897 -0.741566
898 -1.5799
899 -0.279197
900 -1.52052
901 2.0193
902 -0.262086
903 -1.56924
904 1.57068
905 0.198663
906 -1.36158
907 2.0193
908 0.078766
909 -1.21727
910 -1.25719
911 -0.372458
912 -0.741566
913 -1.5799
914 -0.279197
915 -1.0821
916 -1.25719
917 -0.082587
918 -1.21727
919 2.41252
920 -0.372458
921 -1.36158
922 2.0193
923 0.078766
924 -1.0821
925 2.41252
926 -0.082587
927 -1.52052
928 -0.863972
929 -0.262086
930 -1.0821
931 -1.25719
932 -0.082587
933 -1.36158
934 -0.863972
935 0.078766
936 -0.741566
937 2.73523
938 -0.279197
939 -1.21727
940 2.41252
941 -0.372458
942 -1.0821
943 2.41252
944 -0.082587
945 -1.56924
946 -0.415352
947 0.198662
948 -1.52052
949 -0.863972
950 -0.262086
951 -1.36158
952 -0.863972
953 0.078766
954 -0.426202
955 2.97502
956 -0.660384
957 -0.741566
958 2.73523
959 -0.279197
960 -0.353049
961 2.97502
962 -0.503507
963 -1.88461
964 0.07143
965 -0.129568
966 -1.56924
967 -0.415352
968 0.198662
969 -1.69712
970 0.07143
971 0.272494
972 0.031224
973 3.12269
974 -0.826874
975 -0.353049
976 2.97502
977 -0.503507
978 0.068517
979 3.12269
980 -0.746898
981 -1.93146
982 0.577666
983 -0.112515
984 -1.69712
985 0.07143
986 0.272494
987 -1.7403
988 0.577666
989 0.297424
990 0.068516
991 -1.96736
992 -0.746898
993 0.031223
994 -1.96736
995 -0.826873
996 0.506931
997 -2.01722
998 -1.00002
999 0.50693
1000 3.17255
1001 -1.00002
1002 0.031224
1003 3.12269
1004 -0.826874
1005 0.068517
1006 3.12269
1007 -0.746898
1008 -0.847767
1009 2.73523
1010 -0.506947
1011 -1.30005
1012 2.41252
1013 -0.681397
1014 -1.21727
1015 2.41252
1016 -0.372458
1017 -1.74585
1018 -0.415352
1019 -0.180072
1020 -1.61786
1021 -0.863972
1022 -0.625359
1023 -1.52052
1024 -0.863972
1025 -0.262086
1026 -0.471002
1027 2.97502
1028 -0.827581
1029 -0.847767
1030 2.73523
1031 -0.506947
1032 -0.426202
1033 2.97502
1034 -0.660384
1035 -1.88461
1036 0.07143
1037 -0.129568
1038 -1.85401
1039 -0.415352
1040 -0.58372
1041 -1.74585
1042 -0.415352
1043 -0.180072
1044 0.031224
1045 3.12269
1046 -0.826874
1047 -0.471002
1048 2.97502
1049 -0.827581
1050 -0.426202
1051 2.97502
1052 -0.660384
1053 -2.04853
1054 0.577666
1055 -0.54942
1056 -1.88461
1057 0.07143
1058 -0.129568
1059 -1.93146
1060 0.577666
1061 -0.112515
1062 0.031223
1063 -1.96736
1064 -0.826873
1065 0.008384
1066 -1.96736
1067 -0.912109
1068 0.506931
1069 -2.01722
1070 -1.00002
1071 0.50693
1072 3.17255
1073 -1.00002
1074 0.008385
1075 3.12269
1076 -0.91211
1077 0.031224
1078 3.12269
1079 -0.826874
1080 -1.99943
1081 1.0839
1082 -0.558078
1083 -1.93146
1084 0.577666
1085 -0.112515
1086 -1.88461
1087 1.0839
1088 -0.129568
1089 -0.426202
1090 -1.81969
1091 -0.660384
1092 0.008384
1093 -1.96736
1094 -0.912109
1095 0.031223
1096 -1.96736
1097 -0.826873
1098 -1.85401
1099 1.57068
1100 -0.58372
1101 -1.88461
1102 1.0839
1103 -0.129568
1104 -1.74585
1105 1.57068
1106 -0.180072
1107 -0.847768
1108 -1.5799
1109 -0.506947
1110 -0.471002
1111 -1.81969
1112 -0.827581
1113 -0.426202
1114 -1.81969
1115 -0.660384
1116 -1.61786
1117 2.0193
1118 -0.625359
1119 -1.74585
1120 1.57068
1121 -0.180072
1122 -1.52052
1123 2.0193
1124 -0.262086
1125 -1.30005
1126 -1.25719
1127 -0.681397
1128 -0.847768
1129 -1.5799
1130 -0.506947
1131 -1.21727
1132 -1.25719
1133 -0.372458
1134 -1.30005
1135 2.41252
1136 -0.681397
1137 -1.52052
1138 2.0193
1139 -0.262086
1140 -1.21727
1141 2.41252
1142 -0.372458
1143 -1.52052
1144 -0.863972
1145 -0.262086
1146 -1.30005
1147 -1.25719
1148 -0.681397
1149 -1.21727
1150 -1.25719
1151 -0.372458
1152 -0.471002
1153 -1.81969
1154 -0.827581
1155 0.000693
1156 -1.96736
1157 -1.00002
1158 0.008384
1159 -1.96736
1160 -0.912109
1161 -1.89043
1162 1.57068
1163 -1.00002
1164 -1.99943
1165 1.0839
1166 -0.558078
1167 -1.85401
1168 1.57068
1169 -0.58372
1170 -0.934709
1171 -1.5799
1172 -1.00002
1173 -0.471002
1174 -1.81969
1175 -0.827581
1176 -0.912807
1177 -1.5799
1178 -0.749679
1179 -1.65064
1180 2.0193
1181 -1.00002
1182 -1.85401
1183 1.57068
1184 -0.58372
1185 -1.61786
1186 2.0193
1187 -0.625359
1188 -1.32793
1189 -1.25719
1190 -1.00002
1191 -0.912807
1192 -1.5799
1193 -0.749679
1194 -1.30005
1195 -1.25719
1196 -0.681397
1197 -1.32793
1198 2.41252
1199 -1.00002
1200 -1.61786
1201 2.0193
1202 -0.625359
1203 -1.30005
1204 2.41252
1205 -0.681397
1206 -1.61786
1207 -0.863972
1208 -0.625359
1209 -1.32793
1210 -1.25719
1211 -1.00002
1212 -1.30005
1213 -1.25719
1214 -0.681397
1215 -0.912807
1216 2.73523
1217 -0.749679
1218 -1.32793
1219 2.41252
1220 -1.00002
1221 -1.30005
1222 2.41252
1223 -0.681397
1224 -1.85401
1225 -0.415352
1226 -0.58372
1227 -1.65064
1228 -0.863972
1229 -1.00002
1230 -1.61786
1231 -0.863972
1232 -0.625359
1233 -0.471002
1234 2.97502
1235 -0.827581
1236 -0.934709
1237 2.73523
1238 -1.00002
1239 -0.912807
1240 2.73523
1241 -0.749679
1242 -1.99943
1243 0.07143
1244 -0.558079
1245 -1.89043
1246 -0.415352
1247 -1.00002
1248 -1.85401
1249 -0.415352
1250 -0.58372
1251 0.000694
1252 3.12269
1253 -1.00002
1254 -0.471002
1255 2.97502
1256 -0.827581
1257 0.008385
1258 3.12269
1259 -0.91211
1260 -2.08795
1261 0.577666
1262 -1.00002
1263 -1.99943
1264 0.07143
1265 -0.558079
1266 -2.04853
1267 0.577666
1268 -0.54942
1269 0.008384
1270 -1.96736
1271 -0.912109
1272 0.000693
1273 -1.96736
1274 -1.00002
1275 0.506931
1276 -2.01722
1277 -1.00002
1278 0.50693
1279 3.17255
1280 -1.00002
1281 0.000694
1282 3.12269
1283 -1.00002
1284 0.008385
1285 3.12269
1286 -0.91211
1287 -2.03809
1288 1.0839
1289 -1.00002
1290 -2.04853
1291 0.577666
1292 -0.54942
1293 -1.99943
1294 1.0839
1295 -0.558078
1296 -1.89043
1297 -0.415352
1298 -1.00002
1299 -1.61786
1300 -0.863972
1301 -1.37467
1302 -1.65064
1303 -0.863972
1304 -1.00002
1305 -0.471002
1306 2.97502
1307 -1.17245
1308 -0.934709
1309 2.73523
1310 -1.00002
1311 -0.486088
1312 2.97502
1313 -1.00002
1314 -2.03809
1315 0.07143
1316 -1.00002
1317 -1.85401
1318 -0.415352
1319 -1.41631
1320 -1.89043
1321 -0.415352
1322 -1.00002
1323 0.000694
1324 3.12269
1325 -1.00002
1326 -0.471002
1327 2.97502
1328 -1.17245
1329 -0.486088
1330 2.97502
1331 -1.00002
1332 -2.04853
1333 0.577666
1334 -1.45061
1335 -2.03809
1336 0.07143
1337 -1.00002
1338 -2.08795
1339 0.577666
1340 -1.00002
1341 0.000693
1342 -1.96736
1343 -1.00002
1344 0.008384
1345 -1.96736
1346 -1.08792
1347 0.506931
1348 -2.01722
1349 -1.00002
1350 0.50693
1351 3.17255
1352 -1.00002
1353 0.008385
1354 3.12269
1355 -1.08792
1356 0.000694
1357 3.12269
1358 -1.00002
1359 -1.99943
1360 1.0839
1361 -1.44195
1362 -2.08795
1363 0.577666
1364 -1.00002
1365 -2.03809
1366 1.0839
1367 -1.00002
1368 -0.486088
1369 -1.81969
1370 -1.00002
1371 0.008384
1372 -1.96736
1373 -1.08792
1374 0.000693
1375 -1.96736
1376 -1.00002
1377 -1.85401
1378 1.57068
1379 -1.41631
1380 -2.03809
1381 1.0839
1382 -1.00002
1383 -1.89043
1384 1.57068
1385 -1.00002
1386 -0.912807
1387 -1.5799
1388 -1.25036
1389 -0.486088
1390 -1.81969
1391 -1.00002
1392 -0.934709
1393 -1.5799
1394 -1.00002
1395 -1.61786
1396 2.0193
1397 -1.37467
1398 -1.89043
1399 1.57068
1400 -1.00002
1401 -1.65064
1402 2.0193
1403 -1.00002
1404 -1.30005
1405 -1.25719
1406 -1.31864
1407 -0.934709
1408 -1.5799
1409 -1.00002
1410 -1.32793
1411 -1.25719
1412 -1.00002
1413 -1.30005
1414 2.41252
1415 -1.31864
1416 -1.65064
1417 2.0193
1418 -1.00002
1419 -1.32793
1420 2.41252
1421 -1.00002
1422 -1.61786
1423 -0.863972
1424 -1.37467
1425 -1.32793
1426 -1.25719
1427 -1.00002
1428 -1.65064
1429 -0.863972
1430 -1.00002
1431 -0.934709
1432 2.73523
1433 -1.00002
1434 -1.30005
1435 2.41252
1436 -1.31864
1437 -1.32793
1438 2.41252
1439 -1.00002
1440 -1.85401
1441 1.57068
1442 -1.41631
1443 -1.88461
1444 1.0839
1445 -1.87047
1446 -1.99943
1447 1.0839
1448 -1.44195
1449 -0.847767
1450 -1.5799
1451 -1.49309
1452 -0.471002
1453 -1.81969
1454 -1.17245
1455 -0.912807
1456 -1.5799
1457 -1.25036
1458 -1.52052
1459 2.0193
1460 -1.73795
1461 -1.85401
1462 1.57068
1463 -1.41631
1464 -1.61786
1465 2.0193
1466 -1.37467
1467 -1.21727
1468 -1.25719
1469 -1.62758
1470 -0.912807
1471 -1.5799
1472 -1.25036
1473 -1.30005
1474 -1.25719
1475 -1.31864
1476 -1.30005
1477 2.41252
1478 -1.31864
1479 -1.52052
1480 2.0193
1481 -1.73795
1482 -1.61786
1483 2.0193
1484 -1.37467
1485 -1.52052
1486 -0.863972
1487 -1.73795
1488 -1.30005
1489 -1.25719
1490 -1.31864
1491 -1.61786
1492 -0.863972
1493 -1.37467
1494 -0.912807
1495 2.73523
1496 -1.25036
1497 -1.21727
1498 2.41252
1499 -1.62758
1500 -1.30005
1501 2.41252
1502 -1.31864
1503 -1.85401
1504 -0.415352
1505 -1.41631
1506 -1.52052
1507 -0.863972
1508 -1.73795
1509 -1.61786
1510 -0.863972
1511 -1.37467
1512 -0.471002
1513 2.97502
1514 -1.17245
1515 -0.847767
1516 2.73523
1517 -1.49309
1518 -0.912807
1519 2.73523
1520 -1.25036
1521 -1.88461
1522 0.07143
1523 -1.87047
1524 -1.85401
1525 -0.415352
1526 -1.41631
1527 -1.99943
1528 0.07143
1529 -1.44195
1530 0.008385
1531 3.12269
1532 -1.08792
1533 -0.426202
1534 2.97502
1535 -1.33965
1536 -0.471002
1537 2.97502
1538 -1.17245
1539 -1.93146
1540 0.577666
1541 -1.88752
1542 -1.99943
1543 0.07143
1544 -1.44195
1545 -2.04853
1546 0.577666
1547 -1.45061
1548 0.008384
1549 -1.96736
1550 -1.08792
1551 0.031223
1552 -1.96736
1553 -1.17316
1554 0.506931
1555 -2.01722
1556 -1.00002
1557 0.50693
1558 3.17255
1559 -1.00002
1560 0.031224
1561 3.12269
1562 -1.17316
1563 0.008385
1564 3.12269
1565 -1.08792
1566 -1.99943
1567 1.0839
1568 -1.44195
1569 -1.93146
1570 0.577666
1571 -1.88752
1572 -2.04853
1573 0.577666
1574 -1.45061
1575 -0.426202
1576 -1.81969
1577 -1.33965
1578 0.008384
1579 -1.96736
1580 -1.08792
1581 -0.471002
1582 -1.81969
1583 -1.17245
1584 -0.353049
1585 2.97502
1586 -1.49653
1587 -0.847767
1588 2.73523
1589 -1.49309
1590 -0.426202
1591 2.97502
1592 -1.33965
1593 -1.69712
1594 0.07143
1595 -2.27253
1596 -1.74585
1597 -0.415352
1598 -1.81996
1599 -1.88461
1600 0.07143
1601 -1.87047
1602 0.031224
1603 3.12269
1604 -1.17316
1605 -0.353049
1606 2.97502
1607 -1.49653
1608 -0.426202
1609 2.97502
1610 -1.33965
1611 -1.7403
1612 0.577666
1613 -2.29746
1614 -1.88461
1615 0.07143
1616 -1.87047
1617 -1.93146
1618 0.577666
1619 -1.88752
1620 0.031223
1621 -1.96736
1622 -1.17316
1623 0.068516
1624 -1.96736
1625 -1.25313
1626 0.506931
1627 -2.01722
1628 -1.00002
1629 0.50693
1630 3.17255
1631 -1.00002
1632 0.068517
1633 3.12269
1634 -1.25313
1635 0.031224
1636 3.12269
1637 -1.17316
1638 -1.69712
1639 1.0839
1640 -2.27253
1641 -1.93146
1642 0.577666
1643 -1.88752
1644 -1.88461
1645 1.0839
1646 -1.87047
1647 -0.426202
1648 -1.81969
1649 -1.33965
1650 0.068516
1651 -1.96736
1652 -1.25313
1653 0.031223
1654 -1.96736
1655 -1.17316
1656 -1.56924
1657 1.57068
1658 -2.1987
1659 -1.88461
1660 1.0839
1661 -1.87047
1662 -1.74585
1663 1.57068
1664 -1.81996
1665 -0.741566
1666 -1.5799
1667 -1.72084
1668 -0.426202
1669 -1.81969
1670 -1.33965
1671 -0.847767
1672 -1.5799
1673 -1.49309
1674 -1.36158
1675 2.0193
1676 -2.0788
1677 -1.74585
1678 1.57068
1679 -1.81996
1680 -1.52052
1681 2.0193
1682 -1.73795
1683 -1.0821
1684 -1.25719
1685 -1.91745
1686 -0.847767
1687 -1.5799
1688 -1.49309
1689 -1.21727
1690 -1.25719
1691 -1.62758
1692 -1.21727
1693 2.41252
1694 -1.62758
1695 -1.36158
1696 2.0193
1697 -2.0788
1698 -1.52052
1699 2.0193
1700 -1.73795
1701 -1.36158
1702 -0.863972
1703 -2.0788
1704 -1.21727
1705 -1.25719
1706 -1.62758
1707 -1.52052
1708 -0.863972
1709 -1.73795
1710 -0.847767
1711 2.73523
1712 -1.49309
1713 -1.0821
1714 2.41252
1715 -1.91745
1716 -1.21727
1717 2.41252
1718 -1.62758
1719 -1.74585
1720 -0.415352
1721 -1.81996
1722 -1.36158
1723 -0.863972
1724 -2.0788
1725 -1.52052
1726 -0.863972
1727 -1.73795
1728 -1.14586
1729 2.0193
1730 -2.38687
1731 -1.56924
1732 1.57068
1733 -2.1987
1734 -1.36158
1735 2.0193
1736 -2.0788
1737 -0.898653
1738 -1.25719
1739 -2.17944
1740 -0.741566
1741 -1.5799
1742 -1.72084
1743 -1.0821
1744 -1.25719
1745 -1.91745
1746 -1.0821
1747 2.41252
1748 -1.91745
1749 -1.14586
1750 2.0193
1751 -2.38687
1752 -1.36158
1753 2.0193
1754 -2.0788
1755 -1.14586
1756 -0.863972
1757 -2.38687
1758 -1.0821
1759 -1.25719
1760 -1.91745
1761 -1.36158
1762 -0.863972
1763 -2.0788
1764 -0.741566
1765 2.73523
1766 -1.72084
1767 -0.898653
1768 2.41252
1769 -2.17944
1770 -1.0821
1771 2.41252
1772 -1.91745
1773 -1.56924
1774 -0.415352
1775 -2.1987
1776 -1.14586
1777 -0.863972
1778 -2.38687
1779 -1.36158
1780 -0.863972
1781 -2.0788
1782 -0.353049
1783 2.97502
1784 -1.49653
1785 -0.597429
1786 2.73523
1787 -1.92668
1788 -0.741566
1789 2.73523
1790 -1.72084
1791 -1.44267
1792 0.07143
1793 -2.63593
1794 -1.56924
1795 -0.415352
1796 -2.1987
1797 -1.69712
1798 0.07143
1799 -2.27253
1800 0.068517
1801 3.12269
1802 -1.25313
1803 -0.253766
1804 2.97502
1805 -1.63832
1806 -0.353049
1807 2.97502
1808 -1.49653
1809 -1.48086
1810 0.577666
1811 -2.66797
1812 -1.69712
1813 0.07143
1814 -2.27253
1815 -1.7403
1816 0.577666
1817 -2.29746
1818 0.068516
1819 -1.96736
1820 -1.25313
1821 0.11913
1822 -1.96736
1823 -1.32542
1824 0.506931
1825 -2.01722
1826 -1.00002
1827 0.50693
1828 3.17255
1829 -1.00002
1830 0.119131
1831 3.12269
1832 -1.32542
1833 0.068517
1834 3.12269
1835 -1.25313
1836 -1.44267
1837 1.0839
1838 -2.63593
1839 -1.7403
1840 0.577666
1841 -2.29746
1842 -1.69712
1843 1.0839
1844 -2.27253
1845 -0.253766
1846 -1.81969
1847 -1.63832
1848 0.068516
1849 -1.96736
1850 -1.25313
1851 -0.353049
1852 -1.81969
1853 -1.49653
1854 -1.56924
1855 1.57068
1856 -2.1987
1857 -1.44267
1858 1.0839
1859 -2.63593
1860 -1.69712
1861 1.0839
1862 -2.27253
1863 -0.597429
1864 -1.5799
1865 -1.92668
1866 -0.353049
1867 -1.81969
1868 -1.49653
1869 -0.741566
1870 -1.5799
1871 -1.72084
1872 0.119131
1873 3.12269
1874 -1.32542
1875 -0.131369
1876 2.97502
1877 -1.76071
1878 -0.253766
1879 2.97502
1880 -1.63832
1881 -1.16103
1882 0.577666
1883 -2.98781
1884 -1.44267
1885 0.07143
1886 -2.63593
1887 -1.48086
1888 0.577666
1889 -2.66797
1890 0.11913
1891 -1.96736
1892 -1.32542
1893 0.181528
1894 -1.96736
1895 -1.38782
1896 0.506931
1897 -2.01722
1898 -1.00002
1899 0.50693
1900 3.17255
1901 -1.00002
1902 0.181528
1903 3.12269
1904 -1.38782
1905 0.119131
1906 3.12269
1907 -1.32542
1908 -1.44267
1909 1.0839
1910 -2.63593
1911 -1.16103
1912 0.577666
1913 -2.98781
1914 -1.48086
1915 0.577666
1916 -2.66797
1917 -0.13137
1918 -1.81969
1919 -1.76071
1920 0.11913
1921 -1.96736
1922 -1.32542
1923 -0.253766
1924 -1.81969
1925 -1.63832
1926 -1.32955
1927 1.57068
1928 -2.54101
1929 -1.12898
1930 1.0839
1931 -2.94962
1932 -1.44267
1933 1.0839
1934 -2.63593
1935 -0.419737
1936 -1.5799
1937 -2.10438
1938 -0.253766
1939 -1.81969
1940 -1.63832
1941 -0.597429
1942 -1.5799
1943 -1.92668
1944 -0.879926
1945 2.0193
1946 -2.65281
1947 -1.32955
1948 1.57068
1949 -2.54101
1950 -1.14586
1951 2.0193
1952 -2.38687
1953 -0.672494
1954 -1.25719
1955 -2.4056
1956 -0.597429
1957 -1.5799
1958 -1.92668
1959 -0.898653
1960 -1.25719
1961 -2.17944
1962 -0.672494
1963 2.41252
1964 -2.4056
1965 -1.14586
1966 2.0193
1967 -2.38687
1968 -0.898653
1969 2.41252
1970 -2.17944
1971 -0.879926
1972 -0.863972
1973 -2.65281
1974 -0.898653
1975 -1.25719
1976 -2.17944
1977 -1.14586
1978 -0.863972
1979 -2.38687
1980 -0.597429
1981 2.73523
1982 -1.92668
1983 -0.672494
1984 2.41252
1985 -2.4056
1986 -0.898653
1987 2.41252
1988 -2.17944
1989 -1.32955
1990 -0.415352
1991 -2.54101
1992 -0.879926
1993 -0.863972
1994 -2.65281
1995 -1.14586
1996 -0.863972
1997 -2.38687
1998 -0.253766
1999 2.97502
2000 -1.63832
2001 -0.419737
2002 2.73523
2003 -2.10438
2004 -0.597429
2005 2.73523
2006 -1.92668
2007 -1.12898
2008 0.07143
2009 -2.94962
2010 -1.32955
2011 -0.415352
2012 -2.54101
2013 -1.44267
2014 0.07143
2015 -2.63593
2016 -0.410499
2017 -1.25719
2018 -2.58905
2019 -0.419737
2020 -1.5799
2021 -2.10438
2022 -0.672494
2023 -1.25719
2024 -2.4056
2025 -0.410499
2026 2.41252
2027 -2.58905
2028 -0.879926
2029 2.0193
2030 -2.65281
2031 -0.672494
2032 2.41252
2033 -2.4056
2034 -0.571852
2035 -0.863972
2036 -2.86852
2037 -0.672494
2038 -1.25719
2039 -2.4056
2040 -0.879926
2041 -0.863972
2042 -2.65281
2043 -0.419737
2044 2.73523
2045 -2.10438
2046 -0.410499
2047 2.41252
2048 -2.58905
2049 -0.672494
2050 2.41252
2051 -2.4056
2052 -1.03406
2053 -0.415352
2054 -2.8365
2055 -0.571852
2056 -0.863972
2057 -2.86852
2058 -0.879926
2059 -0.863972
2060 -2.65281
2061 0.010421
2062 2.97502
2063 -1.86
2064 -0.419737
2065 2.73523
2066 -2.10438
2067 -0.131369
2068 2.97502
2069 -1.76071
2070 -0.76558
2071 0.07143
2072 -3.20407
2073 -1.03406
2074 -0.415352
2075 -2.8365
2076 -1.12898
2077 0.07143
2078 -2.94962
2079 0.253812
2080 3.12269
2081 -1.43843
2082 -0.131369
2083 2.97502
2084 -1.76071
2085 0.181528
2086 3.12269
2087 -1.38782
2088 -0.79051
2089 0.577666
2090 -3.24725
2091 -1.12898
2092 0.07143
2093 -2.94962
2094 -1.16103
2095 0.577666
2096 -2.98781
2097 0.181528
2098 -1.96736
2099 -1.38782
2100 0.253812
2101 -1.96736
2102 -1.43843
2103 0.506931
2104 -2.01722
2105 -1.00002
2106 0.50693
2107 3.17255
2108 -1.00002
2109 0.253812
2110 3.12269
2111 -1.43843
2112 0.181528
2113 3.12269
2114 -1.38782
2115 -1.12898
2116 1.0839
2117 -2.94962
2118 -0.79051
2119 0.577666
2120 -3.24725
2121 -1.16103
2122 0.577666
2123 -2.98781
2124 -0.13137
2125 -1.81969
2126 -1.76071
2127 0.253812
2128 -1.96736
2129 -1.43843
2130 0.181528
2131 -1.96736
2132 -1.38782
2133 -1.03406
2134 1.57068
2135 -2.8365
2136 -0.76558
2137 1.0839
2138 -3.20407
2139 -1.12898
2140 1.0839
2141 -2.94962
2142 -0.213889
2143 -1.5799
2144 -2.24851
2145 -0.13137
2146 -1.81969
2147 -1.76071
2148 -0.419737
2149 -1.5799
2150 -2.10438
2151 -0.571852
2152 2.0193
2153 -2.86852
2154 -1.03406
2155 1.57068
2156 -2.8365
2157 -0.879926
2158 2.0193
2159 -2.65281
2160 -0.380571
2161 0.577666
2162 -3.43841
2163 -0.76558
2164 0.07143
2165 -3.20407
2166 -0.79051
2167 0.577666
2168 -3.24725
2169 0.253812
2170 -1.96736
2171 -1.43843
2172 0.333787
2173 -1.96736
2174 -1.47572
2175 0.506931
2176 -2.01722
2177 -1.00002
2178 0.50693
2179 3.17255
2180 -1.00002
2181 0.333788
2182 3.12269
2183 -1.47572
2184 0.253812
2185 3.12269
2186 -1.43843
2187 -0.363518
2188 1.0839
2189 -3.39155
2190 -0.79051
2191 0.577666
2192 -3.24725
2193 -0.76558
2194 1.0839
2195 -3.20407
2196 0.010421
2197 -1.81969
2198 -1.86
2199 0.333787
2200 -1.96736
2201 -1.47572
2202 0.253812
2203 -1.96736
2204 -1.43843
2205 -0.691748
2206 1.57068
2207 -3.07619
2208 -0.363518
2209 1.0839
2210 -3.39155
2211 -0.76558
2212 1.0839
2213 -3.20407
2214 0.013861
2215 -1.5799
2216 -2.35471
2217 0.010421
2218 -1.81969
2219 -1.86
2220 -0.213889
2221 -1.5799
2222 -2.24851
2223 -0.231
2224 2.0193
2225 -3.02747
2226 -0.691748
2227 1.57068
2228 -3.07619
2229 -0.571852
2230 2.0193
2231 -2.86852
2232 -0.120628
2233 -1.25719
2234 -2.72422
2235 -0.213889
2236 -1.5799
2237 -2.24851
2238 -0.410499
2239 -1.25719
2240 -2.58905
2241 -0.120628
2242 2.41252
2243 -2.72422
2244 -0.571852
2245 2.0193
2246 -2.86852
2247 -0.410499
