0 -0.0675045
1 -0.632942
2 0.771251
3 -0.0675045
4 -0.632942
5 0.771251
6 -0.0675045
7 -0.632942
8 0.771251
9 -0.0554017
10 0.771823
11 0.633419
12 -0.0554017
13 0.771823
14 0.633419
15 -0.0554017
16 0.771823
17 0.633419
18 -0.0769007
19 -0.470004
20 0.879308
21 -0.0769007
22 -0.470004
23 0.879308
24 -0.0769007
25 -0.470004
26 0.879308
27 -0.0411989
28 0.881177
29 0.470988
30 -0.0411989
31 0.881177
32 0.470988
33 -0.0411989
34 0.881177
35 0.470988
36 -0.0833999
37 -0.2893
38 0.953599
39 -0.0833999
40 -0.2893
41 0.953599
42 -0.0833999
43 -0.2893
44 0.953599
45 -0.0254007
46 0.956626
47 0.290208
48 -0.0254007
49 0.956626
50 0.290208
51 -0.0254007
52 0.956626
53 0.290208
54 -0.0867036
55 -0.0976041
56 0.991441
57 -0.0867036
58 -0.0976041
59 0.991441
60 -0.0867036
61 -0.0976041
62 0.991441
63 -0.00860042
64 -0.995149
65 0.0980048
66 -0.00860042
67 -0.995149
68 0.0980048
69 -0.00860042
70 -0.995149
71 0.0980048
72 -0.00860042
73 0.995149
74 0.0980048
75 -0.00860042
76 0.995149
77 0.0980048
78 -0.00860042
79 0.995149
80 0.0980048
81 -0.0867036
82 0.0976041
83 0.991441
84 -0.0867036
85 0.0976041
86 0.991441
87 -0.0867036
88 0.0976041
89 0.991441
90 -0.0254007
91 -0.956626
92 0.290208
93 -0.0254007
94 -0.956626
95 0.290208
96 -0.0254007
97 -0.956626
98 0.290208
99 -0.0833999
100 0.2893
101 0.953599
102 -0.0833999
103 0.2893
104 0.953599
105 -0.0833999
106 0.2893
107 0.953599
108 -0.0411989
109 -0.881177
110 0.470988
111 -0.0411989
112 -0.881177
113 0.470988
114 -0.0411989
115 -0.881177
116 0.470988
117 -0.0769007
118 0.470004
119 0.879308
120 -0.0769007
121 0.470004
122 0.879308
123 -0.0769007
124 0.470004
125 0.879308
126 -0.0554017
127 -0.771823
128 0.633419
129 -0.0554017
130 -0.771823
131 0.633419
132 -0.0554017
133 -0.771823
134 0.633419
135 -0.0675045
136 0.632942
137 0.771251
138 -0.0675045
139 0.632942
140 0.771251
141 -0.0675045
142 0.632942
143 0.771251
144 -0.228496
145 0.469991
146 0.852583
147 -0.228496
148 0.469991
149 0.852583
150 -0.228496
151 0.469991
152 0.852583
153 -0.164599
154 -0.771796
155 0.614197
156 -0.164599
157 -0.771796
158 0.614197
159 -0.164599
160 -0.771796
161 0.614197
162 -0.200407
163 0.632923
164 0.747827
165 -0.200407
166 0.632923
167 0.747827
168 -0.200407
169 0.632923
170 0.747827
171 -0.200407
172 -0.632923
173 0.747827
174 -0.200407
175 -0.632923
176 0.747827
177 -0.200407
178 -0.632923
179 0.747827
180 -0.164599
181 0.771796
182 0.614197
183 -0.164599
184 0.771796
185 0.614197
186 -0.164599
187 0.771796
188 0.614197
189 -0.228496
190 -0.469991
191 0.852583
192 -0.228496
193 -0.469991
194 0.852583
195 -0.228496
196 -0.469991
197 0.852583
198 -0.122396
199 0.881169
200 0.456684
201 -0.122396
202 0.881169
203 0.456684
204 -0.122396
205 0.881169
206 0.456684
207 -0.247802
208 -0.289302
209 0.924607
210 -0.247802
211 -0.289302
212 0.924607
213 -0.247802
214 -0.289302
215 0.924607
216 -0.0754017
217 0.956622
218 0.281406
219 -0.0754017
220 0.956622
221 0.281406
222 -0.0754017
223 0.956622
224 0.281406
225 -0.257602
226 -0.0976009
227 0.961309
228 -0.257602
229 -0.0976009
230 0.961309
231 -0.257602
232 -0.0976009
233 0.961309
234 -0.0255013
235 -0.99515
236 0.0950048
237 -0.0255013
238 -0.99515
239 0.0950048
240 -0.0255013
241 -0.99515
242 0.0950048
243 -0.0255013
244 0.99515
245 0.0950048
246 -0.0255013
247 0.99515
248 0.0950048
249 -0.0255013
250 0.99515
251 0.0950048
252 -0.257602
253 0.0976009
254 0.961309
255 -0.257602
256 0.0976009
257 0.961309
258 -0.257602
259 0.0976009
260 0.961309
261 -0.0754017
262 -0.956622
263 0.281406
264 -0.0754017
265 -0.956622
266 0.281406
267 -0.0754017
268 -0.956622
269 0.281406
270 -0.247802
271 0.289302
272 0.924607
273 -0.247802
274 0.289302
275 0.924607
276 -0.247802
277 0.289302
278 0.924607
279 -0.122396
280 -0.881169
281 0.456684
282 -0.122396
283 -0.881169
284 0.456684
285 -0.122396
286 -0.881169
287 0.456684
288 -0.123104
289 0.956632
290 0.264009
291 -0.123104
292 0.956632
293 0.264009
294 -0.123104
295 0.956632
296 0.264009
297 -0.420593
298 -0.0975983
299 0.901985
300 -0.420593
301 -0.0975983
302 0.901985
303 -0.420593
304 -0.0975983
305 0.901985
306 -0.0416018
307 -0.995144
308 0.089204
309 -0.0416018
310 -0.995144
311 0.089204
312 -0.0416018
313 -0.995144
314 0.089204
315 -0.0416018
316 0.995144
317 0.089204
318 -0.0416018
319 0.995144
320 0.089204
321 -0.0416018
322 0.995144
323 0.089204
324 -0.420593
325 0.0975983
326 0.901985
327 -0.420593
328 0.0975983
329 0.901985
330 -0.420593
331 0.0975983
332 0.901985
333 -0.123104
334 -0.956632
335 0.264009
336 -0.123104
337 -0.956632
338 0.264009
339 -0.123104
340 -0.956632
341 0.264009
342 -0.404491
343 0.289294
344 0.867581
345 -0.404491
346 0.289294
347 0.867581
348 -0.404491
349 0.289294
350 0.867581
351 -0.199795
352 -0.88118
353 0.42849
354 -0.199795
355 -0.88118
356 0.42849
357 -0.199795
358 -0.88118
359 0.42849
360 -0.372995
361 0.469993
362 0.799988
363 -0.372995
364 0.469993
365 0.799988
366 -0.372995
367 0.469993
368 0.799988
369 -0.2687
370 -0.771801
371 0.576301
372 -0.2687
373 -0.771801
374 0.576301
375 -0.2687
376 -0.771801
377 0.576301
378 -0.327199
379 0.632898
380 0.701698
381 -0.327199
382 0.632898
383 0.701698
384 -0.327199
385 0.632898
386 0.701698
387 -0.327199
388 -0.632898
389 0.701698
390 -0.327199
391 -0.632898
392 0.701698
393 -0.327199
394 -0.632898
395 0.701698
396 -0.2687
397 0.771801
398 0.576301
399 -0.2687
400 0.771801
401 0.576301
402 -0.2687
403 0.771801
404 0.576301
405 -0.372995
406 -0.469993
407 0.799988
408 -0.372995
409 -0.469993
410 0.799988
411 -0.372995
412 -0.469993
413 0.799988
414 -0.199795
415 0.88118
416 0.42849
417 -0.199795
418 0.88118
419 0.42849
420 -0.199795
421 0.88118
422 0.42849
423 -0.404491
424 -0.289294
425 0.867581
426 -0.404491
427 -0.289294
428 0.867581
429 -0.404491
430 -0.289294
431 0.867581
432 -0.444101
433 0.632901
434 0.634201
435 -0.444101
436 0.632901
437 0.634201
438 -0.444101
439 0.632901
440 0.634201
441 -0.444101
442 -0.632901
443 0.634201
444 -0.444101
445 -0.632901
446 0.634201
447 -0.444101
448 -0.632901
449 0.634201
450 -0.364716
451 0.771833
452 0.520822
453 -0.364716
454 0.771833
455 0.520822
456 -0.364716
457 0.771833
458 0.520822
459 -0.506308
460 -0.470007
461 0.723011
462 -0.506308
463 -0.470007
464 0.723011
465 -0.506308
466 -0.470007
467 0.723011
468 -0.271191
469 0.881172
470 0.387288
471 -0.271191
472 0.881172
473 0.387288
474 -0.271191
475 0.881172
476 0.387288
477 -0.549095
478 -0.289297
479 0.784093
480 -0.549095
481 -0.289297
482 0.784093
483 -0.549095
484 -0.289297
485 0.784093
486 -0.167105
487 0.956631
488 0.238608
489 -0.167105
490 0.956631
491 0.238608
492 -0.167105
493 0.956631
494 0.238608
495 -0.570832
496 -0.0976054
497 0.815245
498 -0.570832
499 -0.0976054
500 0.815245
501 -0.570832
502 -0.0976054
503 0.815245
504 -0.0564028
505 -0.995149
506 0.080604
507 -0.0564028
508 -0.995149
509 0.080604
510 -0.0564028
511 -0.995149
512 0.080604
513 -0.0564028
514 0.995149
515 0.080604
516 -0.0564028
517 0.995149
518 0.080604
519 -0.0564028
520 0.995149
521 0.080604
522 -0.570832
523 0.0976054
524 0.815245
525 -0.570832
526 0.0976054
527 0.815245
528 -0.570832
529 0.0976054
530 0.815245
531 -0.167105
532 -0.956631
533 0.238608
534 -0.167105
535 -0.956631
536 0.238608
537 -0.167105
538 -0.956631
539 0.238608
540 -0.549095
541 0.289297
542 0.784093
543 -0.549095
544 0.289297
545 0.784093
546 -0.549095
547 0.289297
548 0.784093
549 -0.271191
550 -0.881172
551 0.387288
552 -0.271191
553 -0.881172
554 0.387288
555 -0.271191
556 -0.881172
557 0.387288
558 -0.506308
559 0.470007
560 0.723011
561 -0.506308
562 0.470007
563 0.723011
564 -0.506308
565 0.470007
566 0.723011
567 -0.364716
568 -0.771833
569 0.520822
570 -0.364716
571 -0.771833
572 0.520822
573 -0.364716
574 -0.771833
575 0.520822
576 -0.069603
577 -0.995144
578 0.069603
579 -0.069603
580 -0.995144
581 0.069603
582 -0.069603
583 -0.995144
584 0.069603
585 -0.069603
586 0.995144
587 0.069603
588 -0.069603
589 0.995144
590 0.069603
591 -0.069603
592 0.995144
593 0.069603
594 -0.703731
595 0.0976042
596 0.703731
597 -0.703731
598 0.0976042
599 0.703731
600 -0.703731
601 0.0976042
602 0.703731
603 -0.206005
604 -0.956621
605 0.206005
606 -0.206005
607 -0.956621
608 0.206005
609 -0.206005
610 -0.956621
611 0.206005
612 -0.676872
613 0.289288
614 0.676872
615 -0.676872
616 0.289288
617 0.676872
618 -0.676872
619 0.289288
620 0.676872
621 -0.334296
622 -0.881188
623 0.334296
624 -0.334296
625 -0.881188
626 0.334296
627 -0.334296
628 -0.881188
629 0.334296
630 -0.624131
631 0.470023
632 0.624131
633 -0.624131
634 0.470023
635 0.624131
636 -0.624131
637 0.470023
638 0.624131
639 -0.44961
640 -0.771817
641 0.44961
642 -0.44961
643 -0.771817
644 0.44961
645 -0.44961
646 -0.771817
647 0.44961
648 -0.547439
649 0.632946
650 0.547439
651 -0.547439
652 0.632946
653 0.547439
654 -0.547439
655 0.632946
656 0.547439
657 -0.547439
658 -0.632946
659 0.547439
660 -0.547439
661 -0.632946
662 0.547439
663 -0.547439
664 -0.632946
665 0.547439
666 -0.44961
667 0.771817
668 0.44961
669 -0.44961
670 0.771817
671 0.44961
672 -0.44961
673 0.771817
674 0.44961
675 -0.624131
676 -0.470023
677 0.624131
678 -0.624131
679 -0.470023
680 0.624131
681 -0.624131
682 -0.470023
683 0.624131
684 -0.334296
685 0.881188
686 0.334296
687 -0.334296
688 0.881188
689 0.334296
690 -0.334296
691 0.881188
692 0.334296
693 -0.676872
694 -0.289288
695 0.676872
696 -0.676872
697 -0.289288
698 0.676872
699 -0.676872
700 -0.289288
701 0.676872
702 -0.206005
703 0.956621
704 0.206005
705 -0.206005
706 0.956621
707 0.206005
708 -0.206005
709 0.956621
710 0.206005
711 -0.703731
712 -0.0976042
713 0.703731
714 -0.703731
715 -0.0976042
716 0.703731
717 -0.703731
718 -0.0976042
719 0.703731
720 -0.634201
721 -0.632901
722 0.444101
723 -0.634201
724 -0.632901
725 0.444101
726 -0.634201
727 -0.632901
728 0.444101
729 -0.520822
730 0.771833
731 0.364716
732 -0.520822
733 0.771833
734 0.364716
735 -0.520822
736 0.771833
737 0.364716
738 -0.723011
739 -0.470007
740 0.506308
741 -0.723011
742 -0.470007
743 0.506308
744 -0.723011
745 -0.470007
746 0.506308
747 -0.387288
748 0.881172
749 0.271191
750 -0.387288
751 0.881172
752 0.271191
753 -0.387288
754 0.881172
755 0.271191
756 -0.784093
757 -0.289297
758 0.549095
759 -0.784093
760 -0.289297
761 0.549095
762 -0.784093
763 -0.289297
764 0.549095
765 -0.238608
766 0.956631
767 0.167105
768 -0.238608
769 0.956631
770 0.167105
771 -0.238608
772 0.956631
773 0.167105
774 -0.815245
775 -0.0976054
776 0.570832
777 -0.815245
778 -0.0976054
779 0.570832
780 -0.815245
781 -0.0976054
782 0.570832
783 -0.080604
784 -0.995149
785 0.0564028
786 -0.080604
787 -0.995149
788 0.0564028
789 -0.080604
790 -0.995149
791 0.0564028
792 -0.080604
793 0.995149
794 0.0564028
795 -0.080604
796 0.995149
797 0.0564028
798 -0.080604
799 0.995149
800 0.0564028
801 -0.815245
802 0.0976054
803 0.570832
804 -0.815245
805 0.0976054
806 0.570832
807 -0.815245
808 0.0976054
809 0.570832
810 -0.238608
811 -0.956631
812 0.167105
813 -0.238608
814 -0.956631
815 0.167105
816 -0.238608
817 -0.956631
818 0.167105
819 -0.784093
820 0.289297
821 0.549095
822 -0.784093
823 0.289297
824 0.549095
825 -0.784093
826 0.289297
827 0.549095
828 -0.387288
829 -0.881172
830 0.271191
831 -0.387288
832 -0.881172
833 0.271191
834 -0.387288
835 -0.881172
836 0.271191
837 -0.723011
838 0.470007
839 0.506308
840 -0.723011
841 0.470007
842 0.506308
843 -0.723011
844 0.470007
845 0.506308
846 -0.520822
847 -0.771833
848 0.364716
849 -0.520822
850 -0.771833
851 0.364716
852 -0.520822
853 -0.771833
854 0.364716
855 -0.634201
856 0.632901
857 0.444101
858 -0.634201
859 0.632901
860 0.444101
861 -0.634201
862 0.632901
863 0.444101
864 -0.901985
865 0.0975983
866 0.420593
867 -0.901985
868 0.0975983
869 0.420593
870 -0.901985
871 0.0975983
872 0.420593
873 -0.264009
874 -0.956632
875 0.123104
876 -0.264009
877 -0.956632
878 0.123104
879 -0.264009
880 -0.956632
881 0.123104
882 -0.867581
883 0.289294
884 0.404491
885 -0.867581
886 0.289294
887 0.404491
888 -0.867581
889 0.289294
890 0.404491
891 -0.42849
892 -0.88118
893 0.199795
894 -0.42849
895 -0.88118
896 0.199795
897 -0.42849
898 -0.88118
899 0.199795
900 -0.799988
901 0.469993
902 0.372995
903 -0.799988
904 0.469993
905 0.372995
906 -0.799988
907 0.469993
908 0.372995
909 -0.576301
910 -0.771801
911 0.2687
912 -0.576301
913 -0.771801
914 0.2687
915 -0.576301
916 -0.771801
917 0.2687
918 -0.701698
919 0.632898
920 0.327199
921 -0.701698
922 0.632898
923 0.327199
924 -0.701698
925 0.632898
926 0.327199
927 -0.701698
928 -0.632898
929 0.327199
930 -0.701698
931 -0.632898
932 0.327199
933 -0.701698
934 -0.632898
935 0.327199
936 -0.576301
937 0.771801
938 0.2687
939 -0.576301
940 0.771801
941 0.2687
942 -0.576301
943 0.771801
944 0.2687
945 -0.799988
946 -0.469993
947 0.372995
948 -0.799988
949 -0.469993
950 0.372995
951 -0.799988
952 -0.469993
953 0.372995
954 -0.42849
955 0.88118
956 0.199795
957 -0.42849
958 0.88118
959 0.199795
960 -0.42849
961 0.88118
962 0.199795
963 -0.867581
964 -0.289294
965 0.404491
966 -0.867581
967 -0.289294
968 0.404491
969 -0.867581
970 -0.289294
971 0.404491
972 -0.264009
973 0.956632
974 0.123104
975 -0.264009
976 0.956632
977 0.123104
978 -0.264009
979 0.956632
980 0.123104
981 -0.901985
982 -0.0975983
983 0.420593
984 -0.901985
985 -0.0975983
986 0.420593
987 -0.901985
988 -0.0975983
989 0.420593
990 -0.089204
991 -0.995144
992 0.0416018
993 -0.089204
994 -0.995144
995 0.0416018
996 -0.089204
997 -0.995144
998 0.0416018
999 -0.089204
1000 0.995144
1001 0.0416018
1002 -0.089204
1003 0.995144
1004 0.0416018
1005 -0.089204
1006 0.995144
1007 0.0416018
1008 -0.614197
1009 0.771796
1010 0.164599
1011 -0.614197
1012 0.771796
1013 0.164599
1014 -0.614197
1015 0.771796
1016 0.164599
1017 -0.852583
1018 -0.469991
1019 0.228496
1020 -0.852583
1021 -0.469991
1022 0.228496
1023 -0.852583
1024 -0.469991
1025 0.228496
1026 -0.456684
1027 0.881169
1028 0.122396
1029 -0.456684
1030 0.881169
1031 0.122396
1032 -0.456684
1033 0.881169
1034 0.122396
1035 -0.924607
1036 -0.289302
1037 0.247802
1038 -0.924607
1039 -0.289302
1040 0.247802
1041 -0.924607
1042 -0.289302
1043 0.247802
1044 -0.281406
1045 0.956622
1046 0.0754017
1047 -0.281406
1048 0.956622
1049 0.0754017
1050 -0.281406
1051 0.956622
1052 0.0754017
1053 -0.961309
1054 -0.0976009
1055 0.257602
1056 -0.961309
1057 -0.0976009
1058 0.257602
1059 -0.961309
1060 -0.0976009
1061 0.257602
1062 -0.0950048
1063 -0.99515
1064 0.0255013
1065 -0.0950048
1066 -0.99515
1067 0.0255013
1068 -0.0950048
1069 -0.99515
1070 0.0255013
1071 -0.0950048
1072 0.99515
1073 0.0255013
1074 -0.0950048
1075 0.99515
1076 0.0255013
1077 -0.0950048
1078 0.99515
1079 0.0255013
1080 -0.961309
1081 0.0976009
1082 0.257602
1083 -0.961309
1084 0.0976009
1085 0.257602
1086 -0.961309
1087 0.0976009
1088 0.257602
1089 -0.281406
1090 -0.956622
1091 0.0754017
1092 -0.281406
1093 -0.956622
1094 0.0754017
1095 -0.281406
1096 -0.956622
1097 0.0754017
1098 -0.924607
1099 0.289302
1100 0.247802
1101 -0.924607
1102 0.289302
1103 0.247802
1104 -0.924607
1105 0.289302
1106 0.247802
1107 -0.456684
1108 -0.881169
1109 0.122396
1110 -0.456684
1111 -0.881169
1112 0.122396
1113 -0.456684
1114 -0.881169
1115 0.122396
1116 -0.852583
1117 0.469991
1118 0.228496
1119 -0.852583
1120 0.469991
1121 0.228496
1122 -0.852583
1123 0.469991
1124 0.228496
1125 -0.614197
1126 -0.771796
1127 0.164599
1128 -0.614197
1129 -0.771796
1130 0.164599
1131 -0.614197
1132 -0.771796
1133 0.164599
1134 -0.747827
1135 0.632923
1136 0.200407
1137 -0.747827
1138 0.632923
1139 0.200407
1140 -0.747827
1141 0.632923
1142 0.200407
1143 -0.747827
1144 -0.632923
1145 0.200407
1146 -0.747827
1147 -0.632923
1148 0.200407
1149 -0.747827
1150 -0.632923
1151 0.200407
1152 -0.290208
1153 -0.956626
1154 0.0254007
1155 -0.290208
1156 -0.956626
1157 0.0254007
1158 -0.290208
1159 -0.956626
1160 0.0254007
1161 -0.953599
1162 0.2893
1163 0.0833999
1164 -0.953599
1165 0.2893
1166 0.0833999
1167 -0.953599
1168 0.2893
1169 0.0833999
1170 -0.470988
1171 -0.881177
1172 0.0411989
1173 -0.470988
1174 -0.881177
1175 0.0411989
1176 -0.470988
1177 -0.881177
1178 0.0411989
1179 -0.879308
1180 0.470004
1181 0.0769007
1182 -0.879308
1183 0.470004
1184 0.0769007
1185 -0.879308
1186 0.470004
1187 0.0769007
1188 -0.633419
1189 -0.771823
1190 0.0554017
1191 -0.633419
1192 -0.771823
1193 0.0554017
1194 -0.633419
1195 -0.771823
1196 0.0554017
1197 -0.771251
1198 0.632942
1199 0.0675045
1200 -0.771251
1201 0.632942
1202 0.0675045
1203 -0.771251
1204 0.632942
1205 0.0675045
1206 -0.771251
1207 -0.632942
1208 0.0675045
1209 -0.771251
1210 -0.632942
1211 0.0675045
1212 -0.771251
1213 -0.632942
1214 0.0675045
1215 -0.633419
1216 0.771823
1217 0.0554017
1218 -0.633419
1219 0.771823
1220 0.0554017
1221 -0.633419
1222 0.771823
1223 0.0554017
1224 -0.879308
1225 -0.470004
1226 0.0769007
1227 -0.879308
1228 -0.470004
1229 0.0769007
1230 -0.879308
1231 -0.470004
1232 0.0769007
1233 -0.470988
1234 0.881177
1235 0.0411989
1236 -0.470988
1237 0.881177
1238 0.0411989
1239 -0.470988
1240 0.881177
1241 0.0411989
1242 -0.953599
1243 -0.2893
1244 0.0833999
1245 -0.953599
1246 -0.2893
1247 0.0833999
1248 -0.953599
1249 -0.2893
1250 0.0833999
1251 -0.290208
1252 0.956626
1253 0.0254007
1254 -0.290208
1255 0.956626
1256 0.0254007
1257 -0.290208
1258 0.956626
1259 0.0254007
1260 -0.991441
1261 -0.0976041
1262 0.0867036
1263 -0.991441
1264 -0.0976041
1265 0.0867036
1266 -0.991441
1267 -0.0976041
1268 0.0867036
1269 -0.0980048
1270 -0.995149
1271 0.00860042
1272 -0.0980048
1273 -0.995149
1274 0.00860042
1275 -0.0980048
1276 -0.995149
1277 0.00860042
1278 -0.0980048
1279 0.995149
1280 0.00860042
1281 -0.0980048
1282 0.995149
1283 0.00860042
1284 -0.0980048
1285 0.995149
1286 0.00860042
1287 -0.991441
1288 0.0976041
1289 0.0867036
1290 -0.991441
1291 0.0976041
1292 0.0867036
1293 -0.991441
1294 0.0976041
1295 0.0867036
1296 -0.879308
1297 -0.470004
1298 -0.0769007
1299 -0.879308
1300 -0.470004
1301 -0.0769007
1302 -0.879308
1303 -0.470004
1304 -0.0769007
1305 -0.470988
1306 0.881177
1307 -0.0411989
1308 -0.470988
1309 0.881177
1310 -0.0411989
1311 -0.470988
1312 0.881177
1313 -0.0411989
1314 -0.953599
1315 -0.2893
1316 -0.0833999
1317 -0.953599
1318 -0.2893
1319 -0.0833999
1320 -0.953599
1321 -0.2893
1322 -0.0833999
1323 -0.290208
1324 0.956626
1325 -0.0254007
1326 -0.290208
1327 0.956626
1328 -0.0254007
1329 -0.290208
1330 0.956626
1331 -0.0254007
1332 -0.991441
1333 -0.0976041
1334 -0.0867036
1335 -0.991441
1336 -0.0976041
1337 -0.0867036
1338 -0.991441
1339 -0.0976041
1340 -0.0867036
1341 -0.0980048
1342 -0.995149
1343 -0.00860042
1344 -0.0980048
1345 -0.995149
1346 -0.00860042
1347 -0.0980048
1348 -0.995149
1349 -0.00860042
1350 -0.0980048
1351 0.995149
1352 -0.00860042
1353 -0.0980048
1354 0.995149
1355 -0.00860042
1356 -0.0980048
1357 0.995149
1358 -0.00860042
1359 -0.991441
1360 0.0976041
1361 -0.0867036
1362 -0.991441
1363 0.0976041
1364 -0.0867036
1365 -0.991441
1366 0.0976041
1367 -0.0867036
1368 -0.290208
1369 -0.956626
1370 -0.0254007
1371 -0.290208
1372 -0.956626
1373 -0.0254007
1374 -0.290208
1375 -0.956626
1376 -0.0254007
1377 -0.953599
1378 0.2893
1379 -0.0833999
1380 -0.953599
1381 0.2893
1382 -0.0833999
1383 -0.953599
1384 0.2893
1385 -0.0833999
1386 -0.470988
1387 -0.881177
1388 -0.0411989
1389 -0.470988
1390 -0.881177
1391 -0.0411989
1392 -0.470988
1393 -0.881177
1394 -0.0411989
1395 -0.879308
1396 0.470004
1397 -0.0769007
1398 -0.879308
1399 0.470004
1400 -0.0769007
1401 -0.879308
1402 0.470004
1403 -0.0769007
1404 -0.633419
1405 -0.771823
1406 -0.0554017
1407 -0.633419
1408 -0.771823
1409 -0.0554017
1410 -0.633419
1411 -0.771823
1412 -0.0554017
1413 -0.771251
1414 0.632942
1415 -0.0675045
1416 -0.771251
1417 0.632942
1418 -0.0675045
1419 -0.771251
1420 0.632942
1421 -0.0675045
1422 -0.771251
1423 -0.632942
1424 -0.0675045
1425 -0.771251
1426 -0.632942
1427 -0.0675045
1428 -0.771251
1429 -0.632942
1430 -0.0675045
1431 -0.633419
1432 0.771823
1433 -0.0554017
1434 -0.633419
1435 0.771823
1436 -0.0554017
1437 -0.633419
1438 0.771823
1439 -0.0554017
1440 -0.924607
1441 0.289302
1442 -0.247802
1443 -0.924607
1444 0.289302
1445 -0.247802
1446 -0.924607
1447 0.289302
1448 -0.247802
1449 -0.456684
1450 -0.881169
1451 -0.122396
1452 -0.456684
1453 -0.881169
1454 -0.122396
1455 -0.456684
1456 -0.881169
1457 -0.122396
1458 -0.852583
1459 0.469991
1460 -0.228496
1461 -0.852583
1462 0.469991
1463 -0.228496
1464 -0.852583
1465 0.469991
1466 -0.228496
1467 -0.614197
1468 -0.771796
1469 -0.164599
1470 -0.614197
1471 -0.771796
1472 -0.164599
1473 -0.614197
1474 -0.771796
1475 -0.164599
1476 -0.747827
1477 0.632923
1478 -0.200407
1479 -0.747827
1480 0.632923
1481 -0.200407
1482 -0.747827
1483 0.632923
1484 -0.200407
1485 -0.747827
1486 -0.632923
1487 -0.200407
1488 -0.747827
1489 -0.632923
1490 -0.200407
1491 -0.747827
1492 -0.632923
1493 -0.200407
1494 -0.614197
1495 0.771796
1496 -0.164599
1497 -0.614197
1498 0.771796
1499 -0.164599
1500 -0.614197
1501 0.771796
1502 -0.164599
1503 -0.852583
1504 -0.469991
1505 -0.228496
1506 -0.852583
1507 -0.469991
1508 -0.228496
1509 -0.852583
1510 -0.469991
1511 -0.228496
1512 -0.456684
1513 0.881169
1514 -0.122396
1515 -0.456684
1516 0.881169
1517 -0.122396
1518 -0.456684
1519 0.881169
1520 -0.122396
1521 -0.924607
1522 -0.289302
1523 -0.247802
1524 -0.924607
1525 -0.289302
1526 -0.247802
1527 -0.924607
1528 -0.289302
1529 -0.247802
1530 -0.281406
1531 0.956622
1532 -0.0754017
1533 -0.281406
1534 0.956622
1535 -0.0754017
1536 -0.281406
1537 0.956622
1538 -0.0754017
1539 -0.961309
1540 -0.0976009
1541 -0.257602
1542 -0.961309
1543 -0.0976009
1544 -0.257602
1545 -0.961309
1546 -0.0976009
1547 -0.257602
1548 -0.0950048
1549 -0.99515
1550 -0.0255013
1551 -0.0950048
1552 -0.99515
1553 -0.0255013
1554 -0.0950048
1555 -0.99515
1556 -0.0255013
1557 -0.0950048
1558 0.99515
1559 -0.0255013
1560 -0.0950048
1561 0.99515
1562 -0.0255013
1563 -0.0950048
1564 0.99515
1565 -0.0255013
1566 -0.961309
1567 0.0976009
1568 -0.257602
1569 -0.961309
1570 0.0976009
1571 -0.257602
1572 -0.961309
1573 0.0976009
1574 -0.257602
1575 -0.281406
1576 -0.956622
1577 -0.0754017
1578 -0.281406
1579 -0.956622
1580 -0.0754017
1581 -0.281406
1582 -0.956622
1583 -0.0754017
1584 -0.42849
1585 0.88118
1586 -0.199795
1587 -0.42849
1588 0.88118
1589 -0.199795
1590 -0.42849
1591 0.88118
1592 -0.199795
1593 -0.867581
1594 -0.289294
1595 -0.404491
1596 -0.867581
1597 -0.289294
1598 -0.404491
1599 -0.867581
1600 -0.289294
1601 -0.404491
1602 -0.264009
1603 0.956632
1604 -0.123104
1605 -0.264009
1606 0.956632
1607 -0.123104
1608 -0.264009
1609 0.956632
1610 -0.123104
1611 -0.901985
1612 -0.0975983
1613 -0.420593
1614 -0.901985
1615 -0.0975983
1616 -0.420593
1617 -0.901985
1618 -0.0975983
1619 -0.420593
1620 -0.089204
1621 -0.995144
1622 -0.0416018
1623 -0.089204
1624 -0.995144
1625 -0.0416018
1626 -0.089204
1627 -0.995144
1628 -0.0416018
1629 -0.089204
1630 0.995144
1631 -0.0416018
1632 -0.089204
1633 0.995144
1634 -0.0416018
1635 -0.089204
1636 0.995144
1637 -0.0416018
1638 -0.901985
1639 0.0975983
1640 -0.420593
1641 -0.901985
1642 0.0975983
1643 -0.420593
1644 -0.901985
1645 0.0975983
1646 -0.420593
1647 -0.264009
1648 -0.956632
1649 -0.123104
1650 -0.264009
1651 -0.956632
1652 -0.123104
1653 -0.264009
1654 -0.956632
1655 -0.123104
1656 -0.867546
1657 0.289282
1658 -0.404575
1659 -0.867546
1660 0.289282
1661 -0.404575
1662 -0.867546
1663 0.289282
1664 -0.404575
1665 -0.42849
1666 -0.88118
1667 -0.199795
1668 -0.42849
1669 -0.88118
1670 -0.199795
1671 -0.42849
1672 -0.88118
1673 -0.199795
1674 -0.799988
1675 0.469993
1676 -0.372995
1677 -0.799988
1678 0.469993
1679 -0.372995
1680 -0.799988
1681 0.469993
1682 -0.372995
1683 -0.576301
1684 -0.771801
1685 -0.2687
1686 -0.576301
1687 -0.771801
1688 -0.2687
1689 -0.576301
1690 -0.771801
1691 -0.2687
1692 -0.701698
1693 0.632898
1694 -0.327199
1695 -0.701698
1696 0.632898
1697 -0.327199
1698 -0.701698
1699 0.632898
1700 -0.327199
1701 -0.701698
1702 -0.632898
1703 -0.327199
1704 -0.701698
1705 -0.632898
1706 -0.327199
1707 -0.701698
1708 -0.632898
1709 -0.327199
1710 -0.576301
1711 0.771801
1712 -0.2687
1713 -0.576301
1714 0.771801
1715 -0.2687
1716 -0.576301
1717 0.771801
1718 -0.2687
1719 -0.799988
1720 -0.469993
1721 -0.372995
1722 -0.799988
1723 -0.469993
1724 -0.372995
1725 -0.799988
1726 -0.469993
1727 -0.372995
1728 -0.723011
1729 0.470007
1730 -0.506308
1731 -0.723011
1732 0.470007
1733 -0.506308
1734 -0.723011
1735 0.470007
1736 -0.506308
1737 -0.520822
1738 -0.771833
1739 -0.364716
1740 -0.520822
1741 -0.771833
1742 -0.364716
1743 -0.520822
1744 -0.771833
1745 -0.364716
1746 -0.634201
1747 0.632901
1748 -0.444101
1749 -0.634201
1750 0.632901
1751 -0.444101
1752 -0.634201
1753 0.632901
1754 -0.444101
1755 -0.634201
1756 -0.632901
1757 -0.444101
1758 -0.634201
1759 -0.632901
1760 -0.444101
1761 -0.634201
1762 -0.632901
1763 -0.444101
1764 -0.520822
1765 0.771833
1766 -0.364716
1767 -0.520822
1768 0.771833
1769 -0.364716
1770 -0.520822
1771 0.771833
1772 -0.364716
1773 -0.723011
1774 -0.470007
1775 -0.506308
1776 -0.723011
1777 -0.470007
1778 -0.506308
1779 -0.723011
1780 -0.470007
1781 -0.506308
1782 -0.387288
1783 0.881172
1784 -0.271191
1785 -0.387288
1786 0.881172
1787 -0.271191
1788 -0.387288
1789 0.881172
1790 -0.271191
1791 -0.784093
1792 -0.289297
1793 -0.549095
1794 -0.784093
1795 -0.289297
1796 -0.549095
1797 -0.784093
1798 -0.289297
1799 -0.549095
1800 -0.238608
1801 0.956631
1802 -0.167105
1803 -0.238608
1804 0.956631
1805 -0.167105
1806 -0.238608
1807 0.956631
1808 -0.167105
1809 -0.815245
1810 -0.0976054
1811 -0.570832
1812 -0.815245
1813 -0.0976054
1814 -0.570832
1815 -0.815245
1816 -0.0976054
1817 -0.570832
1818 -0.080604
1819 -0.995149
1820 -0.0564028
1821 -0.080604
1822 -0.995149
1823 -0.0564028
1824 -0.080604
1825 -0.995149
1826 -0.0564028
1827 -0.080604
1828 0.995149
1829 -0.0564028
1830 -0.080604
1831 0.995149
1832 -0.0564028
1833 -0.080604
1834 0.995149
1835 -0.0564028
1836 -0.815245
1837 0.0976054
1838 -0.570832
1839 -0.815245
1840 0.0976054
1841 -0.570832
1842 -0.815245
1843 0.0976054
1844 -0.570832
1845 -0.238608
1846 -0.956631
1847 -0.167105
1848 -0.238608
1849 -0.956631
1850 -0.167105
1851 -0.238608
1852 -0.956631
1853 -0.167105
1854 -0.784093
1855 0.289297
1856 -0.549095
1857 -0.784093
1858 0.289297
1859 -0.549095
1860 -0.784093
1861 0.289297
1862 -0.549095
1863 -0.387288
1864 -0.881172
1865 -0.271191
1866 -0.387288
1867 -0.881172
1868 -0.271191
1869 -0.387288
1870 -0.881172
1871 -0.271191
1872 -0.206005
1873 0.956621
1874 -0.206005
1875 -0.206005
1876 0.956621
1877 -0.206005
1878 -0.206005
1879 0.956621
1880 -0.206005
1881 -0.703731
1882 -0.0976042
1883 -0.703731
1884 -0.703731
1885 -0.0976042
1886 -0.703731
1887 -0.703731
1888 -0.0976042
1889 -0.703731
1890 -0.069603
1891 -0.995144
1892 -0.069603
1893 -0.069603
1894 -0.995144
1895 -0.069603
1896 -0.069603
1897 -0.995144
1898 -0.069603
1899 -0.069603
1900 0.995144
1901 -0.069603
1902 -0.069603
1903 0.995144
1904 -0.069603
1905 -0.069603
1906 0.995144
1907 -0.069603
1908 -0.703731
1909 0.0976042
1910 -0.703731
1911 -0.703731
1912 0.0976042
1913 -0.703731
1914 -0.703731
1915 0.0976042
1916 -0.703731
1917 -0.206005
1918 -0.956621
1919 -0.206005
1920 -0.206005
1921 -0.956621
1922 -0.206005
1923 -0.206005
1924 -0.956621
1925 -0.206005
1926 -0.676872
1927 0.289288
1928 -0.676872
1929 -0.676872
1930 0.289288
1931 -0.676872
1932 -0.676872
1933 0.289288
1934 -0.676872
1935 -0.334296
1936 -0.881188
1937 -0.334296
1938 -0.334296
1939 -0.881188
1940 -0.334296
1941 -0.334296
1942 -0.881188
1943 -0.334296
1944 -0.624131
1945 0.470023
1946 -0.624131
1947 -0.624131
1948 0.470023
1949 -0.624131
1950 -0.624131
1951 0.470023
1952 -0.624131
1953 -0.44961
1954 -0.771817
1955 -0.44961
1956 -0.44961
1957 -0.771817
1958 -0.44961
1959 -0.44961
1960 -0.771817
1961 -0.44961
1962 -0.547439
1963 0.632946
1964 -0.547439
1965 -0.547439
1966 0.632946
1967 -0.547439
1968 -0.547439
1969 0.632946
1970 -0.547439
1971 -0.547439
1972 -0.632946
1973 -0.547439
1974 -0.547439
1975 -0.632946
1976 -0.547439
1977 -0.547439
1978 -0.632946
1979 -0.547439
1980 -0.44961
1981 0.771817
1982 -0.44961
1983 -0.44961
1984 0.771817
1985 -0.44961
1986 -0.44961
1987 0.771817
1988 -0.44961
1989 -0.624131
1990 -0.470023
1991 -0.624131
1992 -0.624131
1993 -0.470023
1994 -0.624131
1995 -0.624131
1996 -0.470023
1997 -0.624131
1998 -0.334296
1999 0.881188
2000 -0.334296
2001 -0.334296
2002 0.881188
2003 -0.334296
2004 -0.334296
2005 0.881188
2006 -0.334296
2007 -0.676872
2008 -0.289288
2009 -0.676872
2010 -0.676872
2011 -0.289288
2012 -0.676872
2013 -0.676872
2014 -0.289288
2015 -0.676872
2016 -0.364716
2017 -0.771833
2018 -0.520822
2019 -0.364716
2020 -0.771833
2021 -0.520822
2022 -0.364716
2023 -0.771833
2024 -0.520822
2025 -0.444101
2026 0.632901
2027 -0.634201
2028 -0.444101
2029 0.632901
2030 -0.634201
2031 -0.444101
2032 0.632901
2033 -0.634201
2034 -0.444101
2035 -0.632901
2036 -0.634201
2037 -0.444101
2038 -0.632901
2039 -0.634201
2040 -0.444101
2041 -0.632901
2042 -0.634201
2043 -0.364716
2044 0.771833
2045 -0.520822
2046 -0.364716
2047 0.771833
2048 -0.520822
2049 -0.364716
2050 0.771833
2051 -0.520822
2052 -0.506308
2053 -0.470007
2054 -0.723011
2055 -0.506308
2056 -0.470007
2057 -0.723011
2058 -0.506308
2059 -0.470007
2060 -0.723011
2061 -0.271191
2062 0.881172
2063 -0.387288
2064 -0.271191
2065 0.881172
2066 -0.387288
2067 -0.271191
2068 0.881172
2069 -0.387288
2070 -0.549095
2071 -0.289297
2072 -0.784093
2073 -0.549095
2074 -0.289297
2075 -0.784093
2076 -0.549095
2077 -0.289297
2078 -0.784093
2079 -0.167105
2080 0.956631
2081 -0.238608
2082 -0.167105
2083 0.956631
2084 -0.238608
2085 -0.167105
2086 0.956631
2087 -0.238608
2088 -0.570832
2089 -0.0976054
2090 -0.815245
2091 -0.570832
2092 -0.0976054
2093 -0.815245
2094 -0.570832
2095 -0.0976054
2096 -0.815245
2097 -0.0564028
2098 -0.995149
2099 -0.080604
2100 -0.0564028
2101 -0.995149
2102 -0.080604
2103 -0.0564028
2104 -0.995149
2105 -0.080604
2106 -0.0564028
2107 0.995149
2108 -0.080604
2109 -0.0564028
2110 0.995149
2111 -0.080604
2112 -0.0564028
2113 0.995149
2114 -0.080604
2115 -0.570832
2116 0.0976054
2117 -0.815245
2118 -0.570832
2119 0.0976054
2120 -0.815245
2121 -0.570832
2122 0.0976054
2123 -0.815245
2124 -0.167105
2125 -0.956631
2126 -0.238608
2127 -0.167105
2128 -0.956631
2129 -0.238608
2130 -0.167105
2131 -0.956631
2132 -0.238608
2133 -0.549095
2134 0.289297
2135 -0.784093
2136 -0.549095
2137 0.289297
2138 -0.784093
2139 -0.549095
2140 0.289297
2141 -0.784093
2142 -0.271191
2143 -0.881172
2144 -0.387288
2145 -0.271191
2146 -0.881172
2147 -0.387288
2148 -0.271191
2149 -0.881172
2150 -0.387288
2151 -0.506308
2152 0.470007
2153 -0.723011
2154 -0.506308
2155 0.470007
2156 -0.723011
2157 -0.506308
2158 0.470007
2159 -0.723011
2160 -0.420593
2161 -0.0975983
2162 -0.901985
2163 -0.420593
2164 -0.0975983
2165 -0.901985
2166 -0.420593
2167 -0.0975983
2168 -0.901985
2169 -0.0416018
2170 -0.995144
2171 -0.089204
2172 -0.0416018
2173 -0.995144
2174 -0.089204
2175 -0.0416018
2176 -0.995144
2177 -0.089204
2178 -0.0416018
2179 0.995144
2180 -0.089204
2181 -0.0416018
2182 0.995144
2183 -0.089204
2184 -0.0416018
2185 0.995144
2186 -0.089204
2187 -0.420593
2188 0.0975983
2189 -0.901985
2190 -0.420593
2191 0.0975983
2192 -0.901985
2193 -0.420593
2194 0.0975983
2195 -0.901985
2196 -0.123104
2197 -0.956632
2198 -0.264009
2199 -0.123104
2200 -0.956632
2201 -0.264009
2202 -0.123104
2203 -0.956632
2204 -0.264009
2205 -0.404575
2206 0.289282
2207 -0.867546
2208 -0.404575
2209 0.289282
2210 -0.867546
2211 -0.404575
2212 0.289282
2213 -0.867546
2214 -0.199795
2215 -0.88118
2216 -0.42849
2217 -0.199795
2218 -0.88118
2219 -0.42849
2220 -0.199795
2221 -0.88118
2222 -0.42849
2223 -0.372995
2224 0.469993
2225 -0.799988
2226 -0.372995
2227 0.469993
2228 -0.799988
2229 -0.372995
2230 0.469993
2231 -0.799988
2232 -0.2687
2233 -0.771801
2234 -0.576301
2235 -0.2687
2236 -0.771801
2237 -0.576301
2238 -0.2687
2239 -0.771801
2240 -0.576301
2241 -0.327199
2242 0.632898
2243 -0.701698
2244 -0.327199
2245 0.632898
2246 -0.701698
2247 -0.327199
